0.040000 1
0.420000 1
0.790000 1
1.170000 1
1.540000 1
1.910000 1
2.290000 1
2.670000 1
3.040000 1
3.420000 1
3.790000 1
4.170000 1
4.540000 1
4.920000 1
5.290000 1
5.670000 1
6.040000 1
6.420000 1
6.790000 1
7.170000 1
7.540000 1
7.920000 1
8.290000 1
8.670000 1
9.040000 1
9.420000 1
9.790000 1
10.170000 1
10.540000 1
10.920000 1
11.290000 1
11.660000 1
12.040000 1
12.420000 1
12.790000 1
13.170000 1
13.540000 1
13.920000 1
14.290000 1
14.670000 1
15.040000 1
15.420000 1
15.790000 1
16.170000 1
16.540000 1
16.920000 1
17.290000 1
17.670000 1
18.040000 1
18.420000 1
18.790000 1
19.170000 1
19.540000 1
19.920000 1
20.290000 1
20.670000 1
21.040000 1
21.420000 1
21.790000 1
22.170000 1
22.540000 1
22.920000 1
23.290000 1
23.660000 1
24.040000 1
24.420000 1
24.790000 1
25.170000 1
25.540000 1
25.920000 1
26.290000 1
26.670000 1
27.040000 1
27.420000 1
27.790000 1
28.170000 1
28.540000 1
28.920000 1
29.290000 1
29.670000 1
30.040000 1
30.420000 1
30.790000 1
31.170000 1
31.540000 1
31.920000 1
32.290000 1
32.670000 1
33.040000 1
33.420000 1
33.790000 1
34.170000 1
34.540000 1
34.920000 1
35.290000 1
35.660000 1
36.040000 1
36.420000 1
36.790000 1
37.170000 1
37.540000 1
37.920000 1
38.290000 1
38.670000 1
39.040000 1
39.420000 1
39.800000 1
40.170000 1
40.550000 1
40.920000 1
41.290000 1
41.670000 1
42.040000 1
42.420000 1
42.800000 1
43.170000 1
43.540000 1
43.920000 1
44.290000 1
44.670000 1
45.040000 1
45.420000 1
45.800000 1
46.170000 1
46.550000 1
46.920000 1
47.290000 1
47.660000 1
48.040000 1
48.430000 1
48.790000 1
49.160000 1
49.530000 1
49.920000 1
50.290000 1
50.660000 1
51.020000 1
51.380000 1
51.740000 1
52.090000 1
52.460000 1
52.800000 1
53.170000 1
53.520000 1
53.880000 1
54.240000 1
54.620000 1
54.980000 1
55.350000 1
55.740000 1
56.080000 1
56.440000 1
56.790000 1
57.120000 1
57.470000 1
57.830000 1
58.190000 1
58.570000 1
58.930000 1
59.290000 1
59.670000 1
60.040000 1
60.420000 1
60.790000 1
61.170000 1
61.540000 1
61.920000 1
62.290000 1
62.660000 1
63.030000 1
63.420000 1
63.790000 1
64.170000 1
64.540000 1
64.920000 1
65.290000 1
65.660000 1
66.030000 1
66.420000 1
66.790000 1
67.160000 1
67.540000 1
67.920000 1
68.290000 1
68.650000 1
69.030000 1
69.410000 1
69.790000 1
70.160000 1
70.540000 1
70.920000 1
71.290000 1
71.650000 1
72.040000 1
72.410000 1
72.790000 1
73.150000 1
73.530000 1
73.920000 1
74.310000 1
74.660000 1
75.040000 1
75.410000 1
75.790000 1
76.170000 1
76.540000 1
76.920000 1
77.290000 1
77.680000 1
78.040000 1
78.410000 1
78.790000 1
79.150000 1
79.530000 1
79.910000 1
80.310000 1
80.680000 1
81.030000 1
81.410000 1
81.790000 1
82.160000 1
82.540000 1
82.920000 1
83.290000 1
83.670000 1
84.040000 1
84.410000 1
84.790000 1
85.160000 1
85.540000 1
85.910000 1
86.290000 1
86.660000 1
87.040000 1
87.410000 1
87.790000 1
88.170000 1
88.540000 1
88.920000 1
89.290000 1
89.670000 1
90.040000 1
90.410000 1
90.790000 1
91.160000 1
91.540000 1
91.910000 1
92.290000 1
92.660000 1
93.040000 1
93.410000 1
93.790000 1
94.170000 1
94.540000 1
94.910000 1
95.290000 1
95.670000 1
96.040000 1
96.410000 1
96.790000 1
97.170000 1
97.540000 1
97.920000 1
98.290000 1
98.670000 1
99.040000 1
99.420000 1
99.790000 1
100.170000 1
100.540000 1
100.920000 1
101.290000 1
101.670000 1
102.040000 1
102.420000 1
102.790000 1
103.170000 1
103.540000 1
103.920000 1
104.290000 1
104.670000 1
105.040000 1
105.420000 1
105.790000 1
106.170000 1
106.540000 1
106.920000 1
107.290000 1
107.680000 1
108.040000 1
108.420000 1
108.790000 1
109.170000 1
109.540000 1
109.920000 1
110.290000 1
110.670000 1
111.040000 1
111.420000 1
111.790000 1
112.170000 1
112.540000 1
112.920000 1
113.290000 1
113.670000 1
114.040000 1
114.420000 1
114.790000 1
115.170000 1
115.540000 1
115.920000 1
116.300000 1
116.670000 1
117.040000 1
117.420000 1
117.800000 1
118.170000 1
118.550000 1
118.920000 1
119.290000 1
119.670000 1
120.040000 1
120.420000 1
120.790000 1
121.170000 1
121.540000 1
121.920000 1
122.290000 1
122.670000 1
123.040000 1
123.420000 1
123.790000 1
124.170000 1
124.540000 1
124.920000 1
125.290000 1
125.670000 1
126.040000 1
126.420000 1
126.790000 1
127.170000 1
127.540000 1
127.910000 1
128.290000 1
128.670000 1
129.040000 1
129.420000 1
129.790000 1
130.160000 1
130.540000 1
130.920000 1
131.290000 1
131.670000 1
132.040000 1
132.420000 1
132.790000 1
133.170000 1
133.540000 1
133.920000 1
134.290000 1
134.670000 1
135.040000 1
135.420000 1
135.790000 1
136.170000 1
136.540000 1
136.920000 1
137.290000 1
137.670000 1
138.040000 1
138.420000 1
138.790000 1
139.170000 1
139.540000 1
139.920000 1
140.290000 1
140.670000 1
141.040000 1
141.420000 1
141.790000 1
142.170000 1
142.540000 1
142.920000 1
143.290000 1
143.670000 1
144.040000 1
144.420000 1
144.790000 1
145.170000 1
145.540000 1
145.920000 1
146.290000 1
146.670000 1
147.040000 1
147.420000 1
147.790000 1
148.170000 1
148.540000 1
148.920000 1
149.290000 1
149.670000 1
150.040000 1
150.420000 1
150.790000 1
151.170000 1
151.540000 1
151.920000 1
152.290000 1
152.670000 1
153.040000 1
153.420000 1
153.790000 1
154.170000 1
154.540000 1
154.920000 1
155.290000 1
155.670000 1
156.040000 1
156.420000 1
156.790000 1
157.170000 1
157.540000 1
157.920000 1
158.290000 1
158.670000 1
159.040000 1
159.420000 1
159.790000 1
160.160000 1
160.540000 1
160.920000 1
161.290000 1
161.670000 1
162.040000 1
162.420000 1
162.790000 1
163.170000 1
163.540000 1
163.920000 1
164.290000 1
164.670000 1
165.040000 1
165.420000 1
165.790000 1
166.160000 1
166.540000 1
166.920000 1
167.290000 1
167.660000 1
168.040000 1
168.420000 1
168.790000 1
169.170000 1
169.540000 1
169.920000 1
170.290000 1
170.670000 1
171.040000 1
171.410000 1
171.780000 1
172.160000 1
172.540000 1
172.920000 1
173.290000 1
173.670000 1
174.040000 1
174.420000 1
174.790000 1
175.170000 1
175.540000 1
175.920000 1
176.300000 1
176.670000 1
177.050000 1
177.420000 1
177.790000 1
178.170000 1
178.540000 1
178.920000 1
179.300000 1
179.670000 1
180.050000 1
180.420000 1
180.800000 1
181.170000 1
181.550000 1
181.920000 1
182.300000 1
182.670000 1
183.050000 1
183.420000 1
183.800000 1
184.170000 1
184.550000 1
184.920000 1
185.300000 1
185.670000 1
186.050000 1
186.420000 1
186.790000 1
187.170000 1
187.540000 1
187.920000 1
188.290000 1
188.670000 1
189.040000 1
189.420000 1
189.790000 1
190.170000 1
190.540000 1
190.920000 1
191.300000 1
191.670000 1
192.040000 1
192.420000 1
192.790000 1
193.170000 1
193.540000 1
193.920000 1
194.290000 1
194.670000 1
195.040000 1
195.420000 1
195.790000 1
196.170000 1
196.540000 1
196.920000 1
197.290000 1
197.670000 1
198.040000 1
198.420000 1
198.790000 1
199.170000 1
199.540000 1
199.920000 1
200.300000 1
200.670000 1
201.040000 1
201.420000 1
201.790000 1
202.170000 1
202.540000 1
202.920000 1
203.290000 1
203.670000 1
204.040000 1
204.420000 1
204.790000 1
205.170000 1
205.540000 1
205.920000 1
206.290000 1
206.670000 1
207.040000 1
207.420000 1
207.790000 1
208.170000 1
208.540000 1
208.910000 1
209.290000 1
209.670000 1
210.040000 1
210.420000 1
210.790000 1
211.170000 1
211.540000 1
211.920000 1
212.290000 1
212.670000 1
213.040000 1
213.420000 1
213.790000 1
214.170000 1
214.540000 1
214.920000 1
215.290000 1
215.670000 1
216.040000 1
216.420000 1
216.790000 1
217.170000 1
217.540000 1
217.920000 1
218.290000 1
218.670000 1
219.040000 1
219.420000 1
219.790000 1
220.170000 1
220.540000 1
220.910000 1
221.290000 1
221.660000 1
222.040000 1
222.420000 1
222.790000 1
223.170000 1
223.540000 1
223.920000 1
224.290000 1
224.670000 1
225.040000 1
225.420000 1
225.790000 1
226.170000 1
226.540000 1
226.920000 1
227.290000 1
227.670000 1
228.040000 1
228.420000 1
228.790000 1
229.170000 1
229.540000 1
229.920000 1
230.300000 1
230.670000 1
231.050000 1
231.420000 1
231.790000 1
232.170000 1
232.550000 1
232.910000 1
233.290000 1
233.670000 1
234.040000 1
234.420000 1
