0.371519 1
0.882358 1
1.393197 1
1.904036 1
2.414875 1
2.925714 1
3.436553 1
3.959002 1
4.469841 1
4.980680 1
5.491519 1
6.002358 1
6.513197 1
7.035646 1
7.546485 1
8.057324 1
8.568163 1
9.079002 1
9.589841 1
10.112290 1
10.623129 1
11.133968 1
11.644807 1
12.155646 1
12.678095 1
13.188934 1
13.699773 1
14.210612 1
14.721451 1
15.232290 1
15.754739 1
16.265578 1
16.776417 1
17.287256 1
17.798095 1
18.320544 1
18.831383 1
19.342222 1
19.853061 1
20.363900 1
20.874739 1
21.397188 1
21.908027 1
22.418866 1
22.929705 1
23.440544 1
23.951383 1
24.473832 1
24.984671 1
25.495510 1
26.006349 1
26.517188 1
27.028027 1
27.550476 1
28.061315 1
28.572154 1
29.082993 1
29.593832 1
30.104671 1
30.627120 1
31.137959 1
31.648798 1
32.159637 1
32.682086 1
33.192925 1
33.703764 1
34.214603 1
34.725442 1
35.236281 1
35.747120 1
36.257959 1
36.780408 1
37.291247 1
37.802086 1
38.312925 1
38.823764 1
39.346213 1
39.857052 1
40.367891 1
40.878730 1
41.401179 1
41.900408 1
42.422857 1
42.933696 1
43.444535 1
43.955374 1
44.466213 1
44.977052 1
45.499501 1
46.010340 1
46.521179 1
47.032018 1
47.542857 1
48.065306 1
48.576145 1
49.086984 1
49.597823 1
50.120272 1
50.631111 1
51.141950 1
51.652789 1
52.163628 1
52.674467 1
53.185306 1
53.696145 1
54.218594 1
54.729433 1
55.240272 1
55.751111 1
56.261950 1
56.772789 1
57.295238 1
57.806077 1
58.316916 1
58.827755 1
59.350204 1
59.861043 1
60.371882 1
60.882721 1
61.393560 1
61.904399 1
62.415238 1
62.937687 1
63.448526 1
63.959365 1
64.470204 1
64.981043 1
65.503492 1
66.014331 1
66.525170 1
67.036009 1
67.546848 1
68.057687 1
68.568526 1
69.090975 1
69.601814 1
70.112653 1
70.623492 1
71.134331 1
71.656780 1
72.167619 1
72.678458 1
73.189297 1
73.700136 1
74.210975 1
74.733424 1
75.244263 1
75.755102 1
76.265941 1
76.776780 1
77.287619 1
77.810068 1
78.320907 1
78.831746 1
79.342585 1
79.853424 1
80.364263 1
80.886712 1
81.397551 1
81.908390 1
82.419229 1
82.941678 1
83.452517 1
83.963356 1
84.474195 1
84.985034 1
85.495873 1
86.006712 1
86.517551 1
87.040000 1
87.550839 1
88.061678 1
88.572517 1
89.083356 1
89.594195 1
90.116644 1
90.627483 1
91.138322 1
91.649161 1
92.160000 1
92.670839 1
93.193288 1
93.704127 1
94.214966 1
94.725805 1
95.236644 1
95.747483 1
96.269932 1
96.780771 1
97.291610 1
97.802449 1
98.324898 1
98.835737 1
99.346576 1
99.857415 1
100.368254 1
100.879093 1
101.389932 1
101.912381 1
102.423220 1
102.934059 1
103.444898 1
103.955737 1
104.478186 1
104.989025 1
105.499864 1
106.010703 1
106.521542 1
107.032381 1
107.543220 1
108.065669 1
108.576508 1
109.087347 1
109.598186 1
110.109025 1
110.631474 1
111.142313 1
111.653152 1
112.163991 1
112.674830 1
113.185669 1
113.696508 1
114.218957 1
114.729796 1
115.240635 1
115.751474 1
116.262313 1
116.784762 1
117.283991 1
117.806440 1
118.317279 1
118.828118 1
119.338957 1
119.861406 1
120.372245 1
120.883084 1
121.393923 1
121.904762 1
122.415601 1
122.938050 1
123.448889 1
123.959728 1
124.470567 1
124.993016 1
125.503855 1
126.014694 1
126.525533 1
127.036372 1
127.547211 1
128.058050 1
128.568889 1
129.091338 1
129.602177 1
130.113016 1
130.623855 1
131.146304 1
131.657143 1
132.167982 1
132.678821 1
133.189660 1
133.700499 1
134.211338 1
134.733787 1
135.244626 1
135.755465 1
136.266304 1
136.777143 1
137.287982 1
137.798821 1
138.321270 1
138.832109 1
139.342948 1
139.853787 1
140.364626 1
140.887075 1
141.397914 1
141.908753 1
142.419592 1
142.930431 1
143.441270 1
143.952109 1
144.474558 1
144.985397 1
145.496236 1
146.007075 1
146.529524 1
147.040363 1
147.551202 1
148.062041 1
148.572880 1
149.083719 1
149.606168 1
150.117007 1
150.627846 1
151.138685 1
151.649524 1
152.160363 1
152.682812 1
153.193651 1
153.704490 1
154.215329 1
154.726168 1
155.237007 1
155.759456 1
156.270295 1
156.781134 1
157.291973 1
157.802812 1
158.313651 1
158.836100 1
159.346939 1
159.857778 1
160.368617 1
160.879456 1
161.390295 1
161.912744 1
162.423583 1
162.934422 1
163.445261 1
163.956100 1
164.478549 1
164.989388 1
165.500227 1
166.011066 1
166.521905 1
167.032744 1
167.543583 1
168.054422 1
168.576871 1
169.087710 1
169.598549 1
170.109388 1
170.620227 1
171.142676 1
171.653515 1
172.164354 1
172.675193 1
173.186032 1
173.708481 1
174.219320 1
174.730159 1
175.240998 1
175.751837 1
176.262676 1
176.785125 1
177.295964 1
177.806803 1
178.317642 1
178.828481 1
179.339320 1
179.861769 1
180.372608 1
180.883447 1
181.394286 1
181.905125 1
182.415964 1
182.926803 1
183.449252 1
183.960091 1
184.470930 1
184.981769 1
185.492608 1
186.015057 1
186.525896 1
187.036735 1
187.547574 1
188.058413 1
188.569252 1
189.091701 1
189.602540 1
190.113379 1
190.624218 1
191.135057 1
191.645896 1
192.168345 1
192.679184 1
193.190023 1
193.700862 1
194.211701 1
194.722540 1
195.244989 1
195.755828 1
196.266667 1
196.777506 1
197.299955 1
197.810794 1
198.321633 1
198.832472 1
199.343311 1
199.854150 1
200.364989 1
200.887438 1
201.398277 1
201.909116 1
202.419955 1
202.930794 1
203.453243 1
203.964082 1
204.474921 1
204.985760 1
205.496599 1
206.007438 1
206.529887 1
207.040726 1
207.551565 1
208.062404 1
208.573243 1
209.084082 1
209.594921 1
210.117370 1
210.628209 1
211.139048 1
211.649887 1
212.160726 1
212.671565 1
213.194014 1
213.704853 1
214.215692 1
214.726531 1
215.237370 1
215.748209 1
216.270658 1
216.781497 1
217.292336 1
217.803175 1
218.325624 1
218.836463 1
219.347302 1
219.858141 1
220.368980 1
220.879819 1
221.402268 1
221.901497 1
222.423946 1
222.934785 1
223.445624 1
223.956463 1
224.467302 1
224.989751 1
225.500590 1
226.011429 1
226.522268 1
227.033107 1
227.543946 1
228.054785 1
228.577234 1
229.088073 1
229.598912 1
230.109751 1
230.632200 1
231.143039 1
231.653878 1
232.164717 1
232.675556 1
233.186395 1
233.708844 1
234.208073 1
234.730522 1
235.241361 1
235.752200 1
236.263039 1
236.785488 1
237.296327 1
237.807166 1
238.318005 1
238.828844 1
239.351293 1
239.862132 1
240.372971 1
240.883810 1
241.394649 1
241.905488 1
242.416327 1
242.938776 1
243.449615 1
243.960454 1
244.471293 1
244.982132 1
245.492971 1
246.015420 1
246.526259 1
247.037098 1
247.547937 1
248.058776 1
248.569615 1
249.092063 1
249.602902 1
250.113741 1
250.624580 1
251.135420 1
251.646259 1
252.168707 1
252.679546 1
253.190385 1
253.701224 1
254.212063 1
254.722902 1
255.245351 1
255.756190 1
256.267029 1
256.777868 1
257.288707 1
257.811156 1
258.321995 1
258.832834 1
259.343673 1
259.854512 1
260.365351 1
260.876190 1
261.398639 1
261.909478 1
262.420317 1
262.931156 1
263.453605 1
263.964444 1
264.475283 1
264.986122 1
265.496961 1
266.007800 1
266.518639 1
267.041088 1
267.551927 1
268.062766 1
268.573605 1
269.084444 1
269.595283 1
270.117732 1
270.628571 1
271.139410 1
271.650249 1
272.161088 1
272.683537 1
273.194376 1
273.705215 1
274.216054 1
274.726893 1
275.237732 1
275.760181 1
276.271020 1
276.781859 1
277.292698 1
277.803537 1
278.314376 1
278.836825 1
279.347664 1
279.858503 1
280.369342 1
280.880181 1
281.391020 1
281.901859 1
282.424308 1
282.935147 1
283.445986 1
283.956825 1
284.467664 1
284.978503 1
285.500952 1
286.011791 1
286.522630 1
287.033469 1
287.544308 1
288.066757 1
288.577596 1
289.088435 1
289.599274 1
290.110113 1
290.620952 1
291.143401 1
291.654240 1
292.165079 1
292.675918 1
293.186757 1
293.697596 1
294.220045 1
294.730884 1
295.241723 1
295.752562 1
296.263401 1
296.774240 1
297.296689 1
297.807528 1
298.318367 1
298.829206 1
299.340045 1
299.850884 1
300.373333 1
300.884172 1
301.395011 1
301.905850 1
302.416689 1
302.927528 1
303.449977 1
303.960816 1
304.471655 1
304.982494 1
305.493333 1
306.004172 1
306.526621 1
307.037460 1
307.548299 1
308.059138 1
308.569977 1
309.080816 1
309.603265 1
310.114104 1
310.624943 1
311.135782 1
311.646621 1
312.157460 1
312.679909 1
313.190748 1
313.701587 1
314.212426 1
314.723265 1
315.234104 1
315.756553 1
316.267392 1
316.778231 1
317.289070 1
317.799909 1
318.310748 1
318.833197 1
319.344036 1
319.854875 1
320.365714 1
320.876553 1
321.387392 1
321.909841 1
322.420680 1
322.931519 1
323.442358 1
323.953197 1
324.464036 1
324.986485 1
325.497324 1
326.008163 1
326.519002 1
327.029841 1
327.540680 1
328.063129 1
328.573968 1
329.084807 1
329.595646 1
330.106485 1
330.617324 1
331.139773 1
331.650612 1
332.161451 1
332.672290 1
333.183129 1
333.693968 1
334.216417 1
334.727256 1
335.238095 1
335.748934 1
336.259773 1
336.770612 1
337.293061 1
337.803900 1
338.314739 1
338.825578 1
339.336417 1
339.858866 1
340.369705 1
340.880544 1
341.391383 1
341.902222 1
342.413061 1
342.923900 1
343.446349 1
343.957188 1
344.468027 1
344.978866 1
345.489705 1
346.012154 1
346.522993 1
347.033832 1
347.544671 1
348.055510 1
348.577959 1
349.077188 1
349.599637 1
350.110476 1
350.621315 1
351.132154 1
351.654603 1
352.165442 1
352.676281 1
353.187120 1
353.697959 1
354.208798 1
354.731247 1
355.242086 1
355.752925 1
356.263764 1
356.774603 1
357.285442 1
357.807891 1
358.318730 1
358.829569 1
359.340408 1
359.851247 1
360.362086 1
360.884535 1
