0.370000 1
0.820000 1
1.300000 1
1.750000 1
2.220000 1
2.660000 1
3.130000 1
3.600000 1
4.090000 1
4.540000 1
5.030000 1
5.480000 1
5.970000 1
6.440000 1
6.930000 1
7.410000 1
7.870000 1
8.350000 1
8.830000 1
9.280000 1
9.690000 1
10.110000 1
10.520000 1
10.930000 1
11.340000 1
11.750000 1
12.160000 1
12.590000 1
13.010000 1
13.430000 1
13.820000 1
14.240000 1
14.650000 1
15.060000 1
15.470000 1
15.900000 1
16.320000 1
16.720000 1
17.150000 1
17.560000 1
17.990000 1
18.410000 1
18.810000 1
19.220000 1
19.640000 1
20.040000 1
20.460000 1
20.870000 1
21.300000 1
21.700000 1
22.110000 1
22.520000 1
22.940000 1
23.360000 1
23.770000 1
24.190000 1
24.580000 1
25.010000 1
25.430000 1
25.840000 1
26.260000 1
26.660000 1
27.080000 1
27.490000 1
27.910000 1
28.310000 1
28.710000 1
29.140000 1
29.560000 1
29.970000 1
30.390000 1
30.800000 1
31.210000 1
31.620000 1
32.040000 1
32.450000 1
32.870000 1
33.280000 1
33.700000 1
34.110000 1
34.520000 1
34.930000 1
35.350000 1
35.760000 1
36.180000 1
36.590000 1
37.010000 1
37.420000 1
37.830000 1
38.250000 1
38.660000 1
39.070000 1
39.490000 1
39.900000 1
40.320000 1
40.730000 1
41.150000 1
41.560000 1
41.970000 1
42.390000 1
42.800000 1
43.200000 1
43.630000 1
44.040000 1
44.450000 1
44.860000 1
45.280000 1
45.690000 1
46.110000 1
46.520000 1
46.940000 1
47.350000 1
47.770000 1
48.180000 1
48.590000 1
49.010000 1
49.420000 1
49.830000 1
50.250000 1
50.660000 1
51.070000 1
51.490000 1
51.900000 1
52.320000 1
52.730000 1
53.140000 1
53.560000 1
53.970000 1
54.390000 1
54.800000 1
55.210000 1
55.640000 1
56.050000 1
56.460000 1
56.870000 1
57.290000 1
57.700000 1
58.120000 1
58.520000 1
58.940000 1
59.330000 1
59.770000 1
60.180000 1
60.600000 1
61.010000 1
61.420000 1
61.830000 1
62.250000 1
62.670000 1
63.080000 1
63.490000 1
63.900000 1
64.320000 1
64.730000 1
65.150000 1
65.560000 1
65.970000 1
66.370000 1
66.800000 1
67.220000 1
67.640000 1
68.040000 1
68.460000 1
68.870000 1
69.280000 1
69.700000 1
70.110000 1
70.520000 1
70.940000 1
71.350000 1
71.770000 1
72.180000 1
72.590000 1
73.010000 1
73.420000 1
73.830000 1
74.250000 1
74.660000 1
75.080000 1
75.490000 1
75.900000 1
76.320000 1
76.730000 1
77.140000 1
77.560000 1
77.970000 1
78.390000 1
78.800000 1
79.220000 1
79.630000 1
80.040000 1
80.460000 1
80.880000 1
81.280000 1
81.690000 1
82.110000 1
82.520000 1
82.930000 1
83.350000 1
83.760000 1
84.180000 1
84.590000 1
85.010000 1
85.420000 1
85.830000 1
86.250000 1
86.660000 1
87.070000 1
87.490000 1
87.900000 1
88.310000 1
88.730000 1
89.140000 1
89.560000 1
89.970000 1
90.380000 1
90.800000 1
91.210000 1
91.630000 1
92.040000 1
92.460000 1
92.870000 1
93.280000 1
93.690000 1
94.110000 1
94.520000 1
94.930000 1
95.370000 1
95.760000 1
96.170000 1
96.590000 1
97.000000 1
97.420000 1
97.830000 1
98.250000 1
98.660000 1
99.080000 1
99.490000 1
99.900000 1
100.310000 1
100.730000 1
101.140000 1
101.560000 1
101.970000 1
102.390000 1
102.800000 1
103.210000 1
103.630000 1
104.040000 1
104.450000 1
104.870000 1
105.280000 1
105.700000 1
106.110000 1
106.520000 1
106.930000 1
107.350000 1
107.760000 1
108.180000 1
108.600000 1
109.020000 1
109.430000 1
109.820000 1
110.240000 1
110.650000 1
111.070000 1
111.460000 1
111.900000 1
112.300000 1
112.730000 1
113.140000 1
113.560000 1
113.990000 1
114.410000 1
114.780000 1
115.150000 1
115.520000 1
115.890000 1
116.260000 1
116.630000 1
116.990000 1
117.360000 1
