0.499229 1
0.986848 1
1.462857 1
1.950476 1
2.438095 1
2.914104 1
3.401723 1
3.889342 1
4.365351 1
4.852971 1
5.340590 1
5.816599 1
6.304218 1
6.791837 1
7.267846 1
7.755465 1
8.243084 1
8.719093 1
9.206712 1
9.694331 1
10.170340 1
10.657959 1
11.145578 1
11.621587 1
12.109206 1
12.596825 1
13.072834 1
13.560454 1
14.048073 1
14.535692 1
15.011701 1
15.499320 1
15.986939 1
16.462948 1
16.950567 1
17.438186 1
17.914195 1
18.401814 1
18.889433 1
19.365442 1
19.853061 1
20.340680 1
20.816689 1
21.304308 1
21.791927 1
22.267937 1
22.755556 1
23.243175 1
23.719184 1
24.206803 1
24.694422 1
25.170431 1
25.658050 1
26.145669 1
26.621678 1
27.109297 1
27.596916 1
28.084535 1
28.560544 1
29.048163 1
29.524172 1
30.011791 1
30.499410 1
30.987029 1
31.463039 1
31.950658 1
32.438277 1
32.914286 1
33.401905 1
33.889524 1
34.365533 1
34.853152 1
35.340771 1
35.816780 1
36.304399 1
36.792018 1
37.268027 1
37.755646 1
38.243265 1
38.719274 1
39.206893 1
39.694512 1
40.170522 1
40.658141 1
41.145760 1
41.633379 1
42.109388 1
42.597007 1
43.084626 1
43.560635 1
44.048254 1
44.535873 1
45.011882 1
45.499501 1
45.987120 1
46.463129 1
46.950748 1
47.438367 1
47.914376 1
48.401995 1
48.889615 1
49.365624 1
49.853243 1
50.340862 1
50.816871 1
51.304490 1
51.792109 1
52.268118 1
52.755737 1
53.243356 1
53.719365 1
54.206984 1
54.694603 1
55.182222 1
55.658231 1
56.145850 1
56.633469 1
57.109478 1
57.597098 1
58.084717 1
58.560726 1
59.048345 1
59.535964 1
60.011973 1
60.499592 1
60.987211 1
61.463220 1
61.950839 1
62.438458 1
62.914467 1
63.402086 1
63.889705 1
64.365714 1
64.853333 1
65.340952 1
65.816961 1
66.304580 1
66.792200 1
67.268209 1
67.755828 1
68.243447 1
68.719456 1
69.207075 1
69.694694 1
70.170703 1
70.658322 1
71.145941 1
71.633560 1
72.109569 1
72.597188 1
73.084807 1
73.560816 1
74.048435 1
74.536054 1
75.012063 1
75.499683 1
75.987302 1
76.463311 1
76.950930 1
77.438549 1
77.914558 1
78.402177 1
78.889796 1
79.377415 1
79.853424 1
80.341043 1
80.817052 1
81.304671 1
81.792290 1
82.268299 1
82.755918 1
83.243537 1
83.719546 1
84.207166 1
84.694785 1
85.182404 1
85.658413 1
86.146032 1
86.633651 1
87.109660 1
87.597279 1
88.084898 1
88.560907 1
89.048526 1
89.536145 1
90.012154 1
90.499773 1
90.987392 1
91.463401 1
91.951020 1
92.438639 1
92.926259 1
93.402268 1
93.889887 1
94.365896 1
94.853515 1
95.341134 1
95.828753 1
96.304762 1
96.792381 1
97.268390 1
97.756009 1
98.243628 1
98.731247 1
99.207256 1
99.694875 1
100.170884 1
100.658503 1
101.146122 1
101.633741 1
102.109751 1
102.597370 1
103.084989 1
103.572608 1
104.048617 1
104.536236 1
105.012245 1
105.499864 1
105.987483 1
106.475102 1
106.951111 1
107.438730 1
107.914739 1
108.402358 1
108.889977 1
109.377596 1
109.853605 1
110.341224 1
110.828844 1
111.316463 1
111.792472 1
112.280091 1
112.756100 1
113.243719 1
113.731338 1
114.218957 1
114.694966 1
115.182585 1
115.658594 1
116.146213 1
116.633832 1
117.121451 1
117.597460 1
118.085079 1
118.561088 1
119.048707 1
119.536327 1
120.023946 1
120.499955 1
120.987574 1
121.463583 1
121.951202 1
122.438821 1
122.926440 1
123.402449 1
123.890068 1
124.377687 1
124.853696 1
125.341315 1
125.828934 1
126.304943 1
126.792562 1
127.280181 1
127.756190 1
128.243810 1
128.731429 1
129.207438 1
129.695057 1
130.182676 1
130.658685 1
131.146304 1
131.633923 1
132.109932 1
132.597551 1
133.085170 1
133.561179 1
134.048798 1
134.536417 1
135.024036 1
135.500045 1
135.987664 1
136.475283 1
136.951293 1
137.438912 1
137.914921 1
138.402540 1
138.890159 1
139.377778 1
139.853787 1
140.341406 1
140.829025 1
141.305034 1
141.792653 1
142.280272 1
142.756281 1
143.243900 1
143.731519 1
144.207528 1
144.695147 1
145.182766 1
145.658776 1
146.146395 1
146.634014 1
147.110023 1
147.597642 1
148.085261 1
148.572880 1
149.048889 1
149.536508 1
150.024127 1
150.500136 1
150.987755 1
151.475374 1
151.951383 1
152.439002 1
152.926621 1
153.402630 1
153.890249 1
154.377868 1
154.853878 1
155.341497 1
155.829116 1
156.305125 1
156.792744 1
157.280363 1
157.756372 1
158.243991 1
158.731610 1
159.207619 1
159.695238 1
160.182857 1
160.658866 1
161.146485 1
161.634104 1
162.110113 1
162.597732 1
163.085351 1
163.561361 1
164.048980 1
164.536599 1
165.012608 1
165.500227 1
165.987846 1
166.475465 1
166.951474 1
167.439093 1
167.915102 1
168.402721 1
168.890340 1
169.377959 1
169.853968 1
170.341587 1
170.829206 1
171.305215 1
171.792834 1
172.280454 1
172.756463 1
173.244082 1
173.731701 1
174.207710 1
174.695329 1
175.182948 1
175.658957 1
176.146576 1
176.634195 1
177.110204 1
177.597823 1
178.085442 1
178.561451 1
179.049070 1
179.536689 1
180.012698 1
180.500317 1
180.987937 1
181.463946 1
181.951565 1
182.439184 1
182.926803 1
183.402812 1
183.890431 1
184.366440 1
184.854059 1
185.341678 1
185.829297 1
186.316916 1
186.792925 1
187.268934 1
187.768163 1
188.255782 1
188.731791 1
189.219410 1
189.695420 1
190.183039 1
190.670658 1
191.158277 1
191.634286 1
192.121905 1
192.609524 1
193.085533 1
193.561542 1
194.049161 1
194.536780 1
195.024399 1
195.500408 1
195.988027 1
196.475646 1
196.963265 1
197.439274 1
197.926893 1
198.414512 1
198.890522 1
199.378141 1
199.854150 1
200.341769 1
200.829388 1
201.305397 1
201.793016 1
202.280635 1
202.768254 1
203.244263 1
203.731882 1
204.219501 1
204.695510 1
205.183129 1
205.670748 1
206.146757 1
206.634376 1
207.121995 1
207.598005 1
208.085624 1
208.561633 1
209.049252 1
209.536871 1
210.024490 1
210.500499 1
210.988118 1
211.464127 1
211.951746 1
212.439365 1
212.926984 1
213.402993 1
213.890612 1
214.366621 1
214.854240 1
215.341859 1
215.829478 1
216.305488 1
216.793107 1
217.280726 1
217.768345 1
218.244354 1
218.731973 1
219.207982 1
219.695601 1
220.183220 1
220.670839 1
221.146848 1
221.634467 1
222.110476 1
222.598095 1
223.085714 1
223.573333 1
224.049342 1
224.536961 1
225.012971 1
225.500590 1
225.988209 1
226.475828 1
226.951837 1
227.439456 1
227.915465 1
228.403084 1
228.890703 1
229.378322 1
229.854331 1
230.341950 1
230.817959 1
231.305578 1
231.793197 1
232.280816 1
232.756825 1
233.244444 1
233.732063 1
234.208073 1
234.695692 1
235.183311 1
235.659320 1
236.146939 1
236.634558 1
237.122177 1
237.598186 1
238.085805 1
238.561814 1
239.049433 1
239.537052 1
240.013061 1
240.500680 1
240.988299 1
241.464308 1
241.951927 1
242.439546 1
242.927166 1
243.403175 1
243.890794 1
244.378413 1
244.854422 1
245.342041 1
245.829660 1
246.317279 1
246.804898 1
247.280907 1
247.756916 1
248.244535 1
248.732154 1
249.208163 1
249.695782 1
250.183401 1
250.671020 1
251.147029 1
251.634649 1
252.110658 1
252.598277 1
253.085896 1
253.561905 1
254.049524 1
254.537143 1
255.013152 1
255.500771 1
255.988390 1
256.476009 1
256.952018 1
257.439637 1
257.927256 1
258.403265 1
258.890884 1
259.378503 1
259.854512 1
260.342132 1
260.829751 1
261.305760 1
261.793379 1
262.280998 1
262.757007 1
263.244626 1
263.732245 1
264.208254 1
264.695873 1
265.183492 1
265.659501 1
266.147120 1
266.634739 1
267.110748 1
267.598367 1
268.085986 1
268.561995 1
269.049615 1
269.537234 1
270.013243 1
270.500862 1
270.988481 1
271.476100 1
271.952109 1
272.439728 1
272.927347 1
273.403356 1
273.890975 1
274.378594 1
274.854603 1
275.342222 1
275.829841 1
276.305850 1
276.793469 1
277.269478 1
277.757098 1
278.244717 1
278.732336 1
279.208345 1
279.695964 1
280.183583 1
280.671202 1
281.147211 1
281.634830 1
282.110839 1
282.598458 1
283.086077 1
283.573696 1
284.049705 1
284.537324 1
285.013333 1
285.500952 1
285.988571 1
286.464580 1
286.952200 1
287.439819 1
287.927438 1
288.403447 1
288.891066 1
289.378685 1
289.854694 1
290.342313 1
290.829932 1
291.305941 1
291.793560 1
292.281179 1
292.757188 1
293.244807 1
293.732426 1
294.208435 1
294.696054 1
295.183673 1
295.659683 1
296.147302 1
296.634921 1
297.110930 1
297.598549 1
298.086168 1
298.562177 1
299.049796 1
299.537415 1
300.013424 1
300.501043 1
300.988662 1
301.464671 1
301.952290 1
302.439909 1
302.927528 1
303.403537 1
303.891156 1
304.367166 1
304.854785 1
305.342404 1
305.830023 1
306.306032 1
306.793651 1
307.281270 1
307.757279 1
308.244898 1
308.732517 1
309.208526 1
309.696145 1
310.183764 1
310.671383 1
311.147392 1
311.635011 1
312.111020 1
312.598639 1
313.074649 1
313.562268 1
314.049887 1
314.537506 1
315.013515 1
315.501134 1
315.977143 1
316.464762 1
316.952381 1
317.440000 1
317.916009 1
318.403628 1
318.891247 1
319.378866 1
319.854875 1
320.342494 1
320.818503 1
321.317732 1
321.793741 1
322.281361 1
322.757370 1
323.244989 1
323.720998 1
324.220227 1
324.696236 1
325.172245 1
325.659864 1
326.147483 1
326.623492 1
327.111111 1
327.598730 1
328.074739 1
328.562358 1
329.049977 1
329.525986 1
330.013605 1
330.501224 1
330.977234 1
331.464853 1
331.952472 1
332.428481 1
332.916100 1
333.403719 1
333.891338 1
334.367347 1
334.854966 1
335.342585 1
335.818594 1
336.306213 1
336.793832 1
337.269841 1
337.757460 1
338.245079 1
338.721088 1
339.208707 1
339.696327 1
340.172336 1
340.659955 1
341.147574 1
341.635193 1
342.111202 1
342.598821 1
343.074830 1
343.562449 1
344.050068 1
344.537687 1
345.013696 1
345.501315 1
345.977324 1
346.464943 1
346.952562 1
347.440181 1
347.916190 1
348.403810 1
348.891429 1
349.367438 1
349.855057 1
350.342676 1
350.818685 1
351.306304 1
351.793923 1
352.269932 1
352.757551 1
353.245170 1
353.721179 1
354.208798 1
354.696417 1
355.172426 1
355.660045 1
356.147664 1
356.623673 1
357.111293 1
357.598912 1
358.074921 1
358.562540 1
359.050159 1
359.526168 1
360.013787 1
360.501406 1
360.977415 1
361.465034 1
361.952653 1
362.428662 1
362.916281 1
363.403900 1
363.879909 1
364.367528 1
364.855147 1
365.331156 1
365.818776 1
366.306395 1
366.782404 1
367.270023 1
367.757642 1
368.233651 1
368.721270 1
369.208889 1
369.684898 1
370.172517 1
370.660136 1
371.136145 1
