0.210000 1
0.630000 1
1.070000 1
1.510000 1
1.950000 1
2.400000 1
2.810000 1
3.250000 1
3.680000 1
4.110000 1
4.540000 1
4.980000 1
5.410000 1
5.850000 1
6.280000 1
6.720000 1
7.150000 1
7.590000 1
8.030000 1
8.460000 1
8.890000 1
9.330000 1
9.770000 1
10.200000 1
10.630000 1
11.070000 1
11.500000 1
11.940000 1
12.370000 1
12.810000 1
13.240000 1
13.680000 1
14.120000 1
14.550000 1
14.980000 1
15.420000 1
15.850000 1
16.290000 1
16.720000 1
17.160000 1
17.590000 1
18.020000 1
18.460000 1
18.900000 1
19.330000 1
19.760000 1
20.200000 1
20.630000 1
21.070000 1
21.500000 1
21.940000 1
22.370000 1
22.810000 1
23.230000 1
23.670000 1
24.110000 1
24.550000 1
24.980000 1
25.420000 1
25.850000 1
26.280000 1
26.720000 1
27.150000 1
27.590000 1
28.020000 1
28.460000 1
28.890000 1
29.330000 1
29.760000 1
30.200000 1
30.630000 1
31.070000 1
31.500000 1
31.940000 1
32.370000 1
32.810000 1
33.240000 1
33.680000 1
34.110000 1
34.550000 1
34.980000 1
35.420000 1
35.850000 1
36.290000 1
36.720000 1
37.150000 1
37.590000 1
38.030000 1
38.460000 1
38.900000 1
39.330000 1
39.770000 1
40.200000 1
40.630000 1
41.070000 1
41.500000 1
41.930000 1
42.370000 1
42.810000 1
43.240000 1
43.680000 1
44.110000 1
44.550000 1
44.980000 1
45.420000 1
45.850000 1
46.280000 1
46.720000 1
47.150000 1
47.590000 1
48.020000 1
48.460000 1
48.890000 1
49.330000 1
49.760000 1
50.200000 1
50.630000 1
51.070000 1
51.500000 1
51.940000 1
52.370000 1
52.810000 1
53.240000 1
53.680000 1
54.110000 1
54.550000 1
54.980000 1
55.420000 1
55.860000 1
56.280000 1
56.720000 1
57.160000 1
57.590000 1
58.050000 1
58.460000 1
58.900000 1
59.330000 1
59.760000 1
60.200000 1
60.630000 1
61.060000 1
61.500000 1
61.940000 1
62.370000 1
62.810000 1
63.230000 1
63.620000 1
64.050000 1
64.510000 1
64.980000 1
65.420000 1
65.850000 1
66.280000 1
66.720000 1
67.150000 1
67.590000 1
68.020000 1
68.460000 1
68.890000 1
69.330000 1
69.770000 1
70.200000 1
70.630000 1
71.070000 1
71.510000 1
71.940000 1
72.370000 1
72.810000 1
73.250000 1
73.680000 1
74.110000 1
74.550000 1
74.980000 1
75.420000 1
75.850000 1
76.290000 1
76.720000 1
77.160000 1
77.590000 1
78.030000 1
78.460000 1
78.900000 1
79.340000 1
79.770000 1
80.200000 1
80.640000 1
81.070000 1
81.510000 1
81.940000 1
82.380000 1
82.810000 1
83.250000 1
83.670000 1
84.110000 1
84.550000 1
84.980000 1
85.420000 1
85.850000 1
86.290000 1
86.720000 1
87.150000 1
87.590000 1
88.030000 1
88.460000 1
88.890000 1
89.330000 1
89.760000 1
90.200000 1
90.630000 1
91.070000 1
91.500000 1
91.940000 1
92.370000 1
92.810000 1
93.240000 1
93.680000 1
94.110000 1
94.550000 1
94.980000 1
95.420000 1
95.850000 1
96.290000 1
96.720000 1
97.160000 1
97.580000 1
98.020000 1
98.470000 1
98.900000 1
99.330000 1
99.790000 1
100.200000 1
100.640000 1
101.070000 1
101.500000 1
101.940000 1
102.370000 1
102.810000 1
103.240000 1
103.680000 1
104.110000 1
104.550000 1
104.980000 1
105.410000 1
105.850000 1
106.290000 1
106.720000 1
107.160000 1
107.590000 1
108.020000 1
108.460000 1
108.890000 1
109.330000 1
109.760000 1
110.200000 1
110.630000 1
111.070000 1
111.500000 1
111.940000 1
112.370000 1
112.810000 1
113.240000 1
113.670000 1
114.110000 1
114.550000 1
114.980000 1
115.420000 1
115.850000 1
116.290000 1
116.720000 1
117.150000 1
117.590000 1
118.020000 1
118.460000 1
118.900000 1
119.330000 1
119.760000 1
120.200000 1
120.630000 1
121.070000 1
121.500000 1
121.940000 1
122.370000 1
122.810000 1
123.240000 1
123.680000 1
124.110000 1
124.540000 1
124.980000 1
