1.010068 1
1.497687 1
1.985306 1
2.484535 1
2.972154 1
3.471383 1
3.959002 1
4.446621 1
4.945850 1
5.433469 1
5.921088 1
6.420317 1
6.907937 1
7.407166 1
7.894785 1
8.382404 1
8.881633 1
9.369252 1
9.856871 1
10.356100 1
10.843719 1
11.331338 1
11.830567 1
12.318186 1
12.817415 1
13.305034 1
13.792653 1
14.291882 1
14.779501 1
15.267120 1
15.754739 1
16.184308 1
16.625488 1
17.113107 1
17.612336 1
18.099955 1
18.587574 1
19.086803 1
19.574422 1
20.062041 1
20.561270 1
21.048889 1
21.548118 1
22.035737 1
22.523356 1
23.022585 1
23.510204 1
23.997823 1
24.497052 1
24.984671 1
25.483900 1
25.971519 1
26.459138 1
26.958367 1
27.445986 1
27.933605 1
28.432834 1
28.932063 1
29.419683 1
29.907302 1
30.418141 1
30.998639 1
31.486259 1
31.973878 1
32.473107 1
32.960726 1
33.459955 1
33.947574 1
34.435193 1
34.934422 1
35.422041 1
35.909660 1
36.408889 1
36.896508 1
37.384127 1
37.883356 1
38.370975 1
38.870204 1
39.357823 1
39.845442 1
40.344671 1
40.832290 1
41.319909 1
41.819138 1
42.306757 1
42.794376 1
43.293605 1
43.781224 1
44.268844 1
44.768073 1
45.255692 1
45.754921 1
46.242540 1
46.730159 1
47.229388 1
47.717007 1
48.216236 1
48.703855 1
49.191474 1
49.679093 1
50.178322 1
50.665941 1
51.165170 1
51.652789 1
52.140408 1
52.639637 1
53.127256 1
53.614875 1
54.114104 1
54.601723 1
55.100952 1
55.588571 1
56.076190 1
56.575420 1
57.063039 1
57.550658 1
58.049887 1
58.537506 1
59.025125 1
59.524354 1
60.011973 1
60.511202 1
60.998821 1
61.381950 1
61.753469 1
62.229478 1
62.717098 1
63.216327 1
63.703946 1
64.203175 1
64.690794 1
65.178413 1
65.677642 1
66.165261 1
66.652880 1
67.152109 1
67.639728 1
68.138957 1
68.626576 1
69.114195 1
69.613424 1
70.101043 1
70.588662 1
71.087891 1
71.575510 1
72.063129 1
72.562358 1
73.049977 1
73.549206 1
74.036825 1
74.524444 1
75.012063 1
75.511293 1
76.010522 1
76.498141 1
76.985760 1
77.473379 1
77.972608 1
78.460227 1
78.959456 1
79.447075 1
79.934694 1
80.433923 1
80.921542 1
81.409161 1
81.908390 1
82.396009 1
82.883628 1
83.382857 1
83.870476 1
84.369705 1
84.857324 1
85.344943 1
85.844172 1
86.331791 1
86.819410 1
87.318639 1
87.806259 1
88.293878 1
88.793107 1
89.280726 1
89.768345 1
90.267574 1
90.755193 1
91.254422 1
91.742041 1
92.229660 1
92.728889 1
93.216508 1
93.704127 1
94.203356 1
94.690975 1
95.190204 1
95.677823 1
96.165442 1
96.653061 1
97.152290 1
97.639909 1
98.127528 1
98.626757 1
99.114376 1
99.613605 1
100.101224 1
100.588844 1
101.088073 1
101.575692 1
102.063311 1
102.562540 1
103.050159 1
103.549388 1
104.037007 1
104.524626 1
105.023855 1
105.511474 1
105.999093 1
106.498322 1
106.985941 1
107.485170 1
107.972789 1
108.460408 1
108.959637 1
109.447256 1
109.934875 1
110.434104 1
110.921723 1
111.409342 1
111.908571 1
112.396190 1
112.883810 1
113.383039 1
113.870658 1
114.358277 1
114.857506 1
115.345125 1
115.844354 1
116.331973 1
116.819592 1
117.318821 1
117.806440 1
118.294059 1
118.793288 1
119.280907 1
119.780136 1
120.267755 1
120.755374 1
121.254603 1
121.742222 1
122.229841 1
122.729070 1
123.216689 1
123.715918 1
124.203537 1
124.691156 1
125.178776 1
125.678005 1
126.165624 1
126.664853 1
127.152472 1
127.640091 1
128.127710 1
128.626939 1
129.114558 1
129.602177 1
130.101406 1
130.589025 1
131.088254 1
131.575873 1
132.063492 1
132.562721 1
133.050340 1
133.537959 1
134.037188 1
134.524807 1
135.024036 1
135.511655 1
135.999274 1
136.498503 1
136.986122 1
137.473741 1
137.972971 1
138.460590 1
138.959819 1
139.447438 1
139.946667 1
140.434286 1
140.921905 1
141.409524 1
141.908753 1
142.396372 1
142.883991 1
143.383220 1
143.870839 1
144.358458 1
144.857687 1
145.345306 1
145.844535 1
146.332154 1
146.819773 1
147.319002 1
147.806621 1
148.305850 1
148.793469 1
149.281088 1
149.768707 1
150.267937 1
150.755556 1
151.254785 1
151.742404 1
152.230023 1
152.729252 1
153.216871 1
153.704490 1
154.203719 1
154.691338 1
155.190567 1
155.678186 1
156.165805 1
156.665034 1
157.152653 1
157.640272 1
158.139501 1
158.627120 1
159.114739 1
159.613968 1
160.101587 1
160.589206 1
161.088435 1
161.576054 1
162.075283 1
162.562902 1
163.050522 1
163.549751 1
164.037370 1
164.524989 1
165.024218 1
165.511837 1
165.999456 1
166.498685 1
166.997914 1
167.485533 1
167.973152 1
168.460771 1
168.948390 1
169.447619 1
169.935238 1
170.434467 1
170.922086 1
171.421315 1
171.908934 1
172.408163 1
172.895782 1
173.383401 1
173.871020 1
174.358639 1
174.857868 1
175.345488 1
175.844717 1
176.332336 1
176.819955 1
177.319184 1
177.806803 1
178.294422 1
178.793651 1
179.281270 1
179.780499 1
180.268118 1
180.755737 1
181.254966 1
181.742585 1
182.230204 1
182.729433 1
183.217052 1
183.716281 1
184.203900 1
184.691519 1
185.190748 1
185.678367 1
186.165986 1
186.618776 1
187.071565 1
187.535964 1
188.000363 1
188.464762 1
188.917551 1
189.370340 1
189.857959 1
190.345578 1
190.833197 1
191.332426 1
191.820045 1
192.319274 1
192.806893 1
193.294512 1
193.793741 1
194.281361 1
194.768980 1
195.268209 1
195.755828 1
196.243447 1
196.742676 1
197.230295 1
197.729524 1
198.217143 1
198.704762 1
199.203991 1
199.691610 1
200.179229 1
200.666848 1
201.166077 1
201.653696 1
202.152925 1
202.640544 1
203.128163 1
203.627392 1
204.115011 1
204.614240 1
205.101859 1
205.601088 1
206.088707 1
206.576327 1
207.075556 1
207.563175 1
208.050794 1
208.538413 1
209.037642 1
209.536871 1
210.024490 1
210.512109 1
210.999728 1
211.498957 1
211.986576 1
212.474195 1
212.973424 1
213.461043 1
213.960272 1
214.447891 1
214.935510 1
215.434739 1
215.922358 1
216.409977 1
216.909206 1
217.396825 1
217.884444 1
218.372063 1
218.871293 1
219.370522 1
219.846531 1
220.276100 1
220.717279 1
221.146848 1
221.588027 1
222.075646 1
222.563265 1
223.062494 1
223.550113 1
224.037732 1
224.525351 1
225.024580 1
225.512200 1
225.999819 1
226.499048 1
226.986667 1
227.485896 1
227.973515 1
228.472744 1
228.960363 1
229.447982 1
229.935601 1
230.434830 1
230.922449 1
231.410068 1
231.909297 1
232.396916 1
232.896145 1
233.383764 1
233.871383 1
234.370612 1
234.858231 1
235.345850 1
235.845079 1
236.332698 1
236.831927 1
237.319546 1
237.807166 1
238.294785 1
238.794014 1
239.281633 1
239.769252 1
240.268481 1
240.767710 1
241.255329 1
241.742948 1
242.230567 1
242.729796 1
243.217415 1
243.705034 1
244.204263 1
244.691882 1
245.191111 1
245.678730 1
246.166349 1
246.665578 1
247.153197 1
247.640816 1
248.140045 1
248.627664 1
249.115283 1
249.614512 1
250.102132 1
250.589751 1
251.088980 1
251.576599 1
252.052608 1
252.517007 1
252.981406 1
253.445805 1
253.910204 1
254.374603 1
254.839002 1
255.303401 1
255.767800 1
256.255420 1
256.743039 1
257.230658 1
257.718277 1
258.217506 1
258.705125 1
259.192744 1
259.691973 1
260.179592 1
260.678821 1
261.166440 1
261.654059 1
262.153288 1
262.640907 1
263.128526 1
263.627755 1
264.115374 1
264.602993 1
265.102222 1
265.589841 1
266.089070 1
266.576689 1
267.064308 1
267.551927 1
268.051156 1
268.538776 1
269.038005 1
269.525624 1
270.013243 1
270.512472 1
271.000091 1
271.499320 1
271.986939 1
272.474558 1
272.973787 1
273.461406 1
273.949025 1
274.436644 1
274.819773 1
275.191293 1
275.678912 1
276.166531 1
276.665760 1
277.153379 1
277.640998 1
278.140227 1
278.627846 1
279.115465 1
279.614694 1
280.102313 1
280.601542 1
281.089161 1
281.576780 1
282.064399 1
282.563628 1
283.051247 1
283.550476 1
284.038095 1
284.525714 1
285.024943 1
285.512562 1
286.000181 1
286.499410 1
286.987029 1
287.486259 1
287.973878 1
288.461497 1
288.960726 1
289.448345 1
289.935964 1
290.435193 1
290.922812 1
291.410431 1
291.909660 1
292.397279 1
292.896508 1
293.384127 1
293.871746 1
294.370975 1
294.858594 1
295.346213 1
295.845442 1
296.333061 1
296.820680 1
297.319909 1
297.807528 1
298.306757 1
298.794376 1
299.281995 1
299.769615 1
300.268844 1
300.756463 1
301.255692 1
301.743311 1
302.230930 1
302.730159 1
303.217778 1
303.717007 1
304.204626 1
304.692245 1
305.179864 1
305.679093 1
306.166712 1
306.654331 1
307.153560 1
307.641179 1
308.140408 1
308.628027 1
309.115646 1
309.614875 1
310.102494 1
310.590113 1
311.089342 1
311.576961 1
312.076190 1
312.563810 1
313.051429 1
313.550658 1
314.038277 1
314.525896 1
315.025125 1
315.512744 1
316.011973 1
316.499592 1
316.987211 1
317.474830 1
317.974059 1
318.461678 1
318.960907 1
319.448526 1
319.936145 1
320.435374 1
320.922993 1
321.410612 1
321.909841 1
322.397460 1
322.885079 1
323.384308 1
323.871927 1
324.371156 1
324.858776 1
325.346395 1
325.845624 1
326.333243 1
326.820862 1
327.320091 1
327.807710 1
328.295329 1
328.794558 1
329.282177 1
329.769796 1
330.269025 1
330.756644 1
331.244263 1
331.743492 1
332.231111 1
332.730340 1
333.217959 1
333.717188 1
334.204807 1
334.692426 1
335.180045 1
335.679274 1
336.166893 1
336.654512 1
337.153741 1
337.641361 1
338.128980 1
338.628209 1
339.115828 1
339.615057 1
340.102676 1
340.590295 1
341.089524 1
341.577143 1
342.064762 1
342.563991 1
343.051610 1
343.550839 1
344.038458 1
344.526077 1
345.025306 1
345.512925 1
346.000544 1
346.499773 1
346.987392 1
347.486621 1
347.974240 1
348.461859 1
348.961088 1
349.448707 1
349.936327 1
350.435556 1
350.923175 1
351.422404 1
351.910023 1
352.397642 1
352.896871 1
353.384490 1
353.872109 1
354.371338 1
354.858957 1
355.346576 1
355.845805 1
356.333424 1
356.821043 1
357.320272 1
357.807891 1
358.295510 1
358.794739 1
359.282358 1
359.781587 1
360.269206 1
360.756825 1
361.256054 1
361.743673 1
362.231293 1
362.730522 1
363.218141 1
363.705760 1
364.204989 1
364.692608 1
365.180227 1
365.679456 1
366.167075 1
366.666304 1
367.153923 1
367.641542 1
368.140771 1
368.628390 1
369.116009 1
369.615238 1
370.102857 1
370.590476 1
371.089705 1
371.577324 1
372.064943 1
372.564172 1
373.051791 1
373.539410 1
374.038639 1
374.526259 1
375.013878 1
375.513107 1
376.000726 1
376.499955 1
376.987574 1
377.475193 1
377.974422 1
378.462041 1
378.949660 1
379.448889 1
379.936508 1
380.424127 1
380.923356 1
381.410975 1
381.910204 1
382.397823 1
382.885442 1
383.384671 1
383.872290 1
384.359909 1
384.859138 1
385.346757 1
385.845986 1
386.333605 1
386.821224 1
387.320454 1
387.808073 1
388.295692 1
388.794921 1
389.282540 1
389.770159 1
390.269388 1
390.757007 1
391.244626 1
391.743855 1
392.231474 1
392.719093 1
393.206712 1
393.705941 1
394.193560 1
394.692789 1
395.180408 1
395.668027 1
396.167256 1
396.654875 1
397.154104 1
397.641723 1
398.140952 1
398.628571 1
399.116190 1
399.603810 1
400.103039 1
400.590658 1
401.078277 1
401.577506 1
402.065125 1
402.552744 1
403.051973 1
403.539592 1
404.038821 1
404.526440 1
405.014059 1
405.513288 1
406.000907 1
406.488526 1
406.987755 1
407.475374 1
407.962993 1
408.462222 1
408.949841 1
409.449070 1
409.936689 1
410.424308 1
410.923537 1
411.411156 1
411.898776 1
412.398005 1
412.885624 1
413.384853 1
413.872472 1
414.360091 1
414.859320 1
415.346939 1
415.834558 1
416.322177 1
416.821406 1
417.309025 1
417.808254 1
418.295873 1
418.783492 1
419.282721 1
419.770340 1
420.269569 1
420.757188 1
421.244807 1
421.732426 1
422.231655 1
422.719274 1
423.218503 1
423.706122 1
424.193741 1
424.681361 1
425.180590 1
425.668209 1
426.167438 1
426.655057 1
427.154286 1
427.641905 1
428.129524 1
428.628753 1
429.116372 1
429.603991 1
430.056780 1
430.509569 1
430.962358 1
431.415147 1
431.867937 1
432.320726 1
432.808345 1
433.295964 1
433.795193 1
434.282812 1
434.782041 1
435.269660 1
435.745669 1
