0.510839 1
0.998458 1
1.486077 1
1.973696 1
2.461315 1
2.948934 1
3.436553 1
3.924172 1
4.411791 1
4.899410 1
5.387029 1
5.874649 1
6.362268 1
6.849887 1
7.337506 1
7.825125 1
8.312744 1
8.800363 1
9.287982 1
9.775601 1
10.263220 1
10.750839 1
11.238458 1
11.726077 1
12.213696 1
12.701315 1
13.188934 1
13.676553 1
14.164172 1
14.651791 1
15.139410 1
15.638639 1
16.114649 1
16.602268 1
17.089887 1
17.577506 1
18.065125 1
18.552744 1
19.040363 1
19.539592 1
20.015601 1
20.514830 1
20.990839 1
21.490068 1
21.966077 1
22.465306 1
22.941315 1
23.440544 1
23.928163 1
24.415782 1
24.903401 1
25.391020 1
25.878639 1
26.366259 1
26.853878 1
27.341497 1
27.829116 1
28.316735 1
28.804354 1
29.303583 1
29.779592 1
30.267211 1
30.754830 1
31.242449 1
31.730068 1
32.217687 1
32.705306 1
33.192925 1
33.680544 1
34.168163 1
34.655782 1
35.143401 1
35.631020 1
36.118639 1
36.606259 1
37.093878 1
37.581497 1
38.069116 1
38.556735 1
39.044354 1
39.531973 1
40.019592 1
40.507211 1
40.994830 1
41.482449 1
41.970068 1
42.457687 1
42.945306 1
43.432925 1
43.920544 1
44.408163 1
44.895782 1
45.383401 1
45.871020 1
46.358639 1
46.857868 1
47.333878 1
47.821497 1
48.309116 1
48.808345 1
49.284354 1
49.783583 1
50.259592 1
50.758821 1
51.246440 1
51.734059 1
52.221678 1
52.709297 1
53.196916 1
53.684535 1
54.172154 1
54.659773 1
55.147392 1
55.635011 1
56.122630 1
56.610249 1
57.097868 1
57.585488 1
58.073107 1
58.560726 1
59.048345 1
59.535964 1
60.023583 1
60.522812 1
60.998821 1
61.486440 1
61.974059 1
62.438458 1
62.914467 1
63.390476 1
63.878095 1
64.365714 1
64.841723 1
65.329342 1
65.816961 1
66.304580 1
66.838639 1
67.349478 1
67.848707 1
68.336327 1
68.823946 1
69.311565 1
69.799184 1
70.286803 1
70.762812 1
71.250431 1
71.738050 1
72.248889 1
72.724898 1
73.189297 1
73.642086 1
74.129705 1
74.628934 1
75.116553 1
75.604172 1
76.091791 1
76.579410 1
77.078639 1
77.566259 1
78.065488 1
78.564717 1
79.063946 1
79.563175 1
80.039184 1
80.515193 1
80.991202 1
81.455601 1
81.954830 1
82.454059 1
82.941678 1
83.417687 1
83.916916 1
84.404535 1
84.892154 1
85.379773 1
85.855782 1
86.355011 1
86.854240 1
87.353469 1
87.852698 1
88.340317 1
88.839546 1
89.327166 1
89.814785 1
90.302404 1
90.778413 1
91.254422 1
91.730431 1
92.218050 1
92.705669 1
93.193288 1
93.669297 1
94.168526 1
94.656145 1
95.143764 1
95.631383 1
96.119002 1
96.606621 1
97.094240 1
97.581859 1
98.069478 1
98.557098 1
99.044717 1
99.532336 1
100.019955 1
100.507574 1
100.995193 1
101.482812 1
101.970431 1
102.458050 1
102.945669 1
103.433288 1
103.920907 1
104.408526 1
104.896145 1
105.383764 1
105.871383 1
106.359002 1
106.846621 1
107.334240 1
107.821859 1
108.321088 1
108.808707 1
109.296327 1
109.783946 1
110.271565 1
110.759184 1
111.246803 1
111.734422 1
112.222041 1
112.709660 1
113.197279 1
113.684898 1
114.172517 1
114.660136 1
115.147755 1
115.635374 1
116.122993 1
116.610612 1
117.098231 1
117.585850 1
118.073469 1
118.561088 1
119.048707 1
119.536327 1
120.023946 1
120.511565 1
120.999184 1
121.486803 1
121.974422 1
122.462041 1
122.949660 1
123.437279 1
123.924898 1
124.412517 1
124.900136 1
125.387755 1
125.875374 1
126.362993 1
126.850612 1
127.338231 1
127.825850 1
128.313469 1
128.812698 1
129.288707 1
129.776327 1
130.263946 1
130.751565 1
131.239184 1
131.726803 1
132.214422 1
132.702041 1
133.189660 1
133.688889 1
134.164898 1
134.652517 1
135.140136 1
135.639365 1
136.115374 1
136.614603 1
137.090612 1
137.578231 1
138.065850 1
138.553469 1
139.041088 1
139.540317 1
140.027937 1
140.515556 1
141.003175 1
141.490794 1
141.978413 1
142.466032 1
142.953651 1
143.441270 1
143.928889 1
144.416508 1
144.904127 1
145.391746 1
145.879365 1
146.366984 1
146.854603 1
147.342222 1
147.829841 1
148.317460 1
148.805079 1
149.292698 1
149.780317 1
150.267937 1
150.755556 1
151.243175 1
151.730794 1
152.218413 1
152.706032 1
153.193651 1
153.681270 1
154.168889 1
154.656508 1
155.144127 1
155.631746 1
156.119365 1
156.606984 1
157.094603 1
157.582222 1
158.069841 1
158.557460 1
159.045079 1
159.532698 1
160.020317 1
160.507937 1
160.995556 1
161.483175 1
161.970794 1
162.458413 1
162.946032 1
163.433651 1
163.932880 1
164.408889 1
164.896508 1
165.384127 1
165.871746 1
166.359365 1
166.846984 1
167.334603 1
167.833832 1
168.309841 1
168.797460 1
169.285079 1
169.772698 1
170.260317 1
170.759546 1
171.235556 1
171.734785 1
172.222404 1
172.710023 1
173.197642 1
173.685261 1
174.172880 1
174.660499 1
175.148118 1
175.635737 1
176.123356 1
176.610975 1
177.098594 1
177.586213 1
178.073832 1
178.561451 1
179.049070 1
179.536689 1
180.024308 1
180.511927 1
180.999546 1
181.487166 1
181.974785 1
182.462404 1
182.950023 1
183.437642 1
183.925261 1
184.412880 1
184.900499 1
185.388118 1
185.875737 1
186.363356 1
186.850975 1
187.315374 1
187.791383 1
188.267392 1
188.755011 1
189.231020 1
189.718639 1
190.206259 1
190.693878 1
191.169887 1
191.680726 1
192.191565 1
192.714014 1
193.201633 1
193.689252 1
194.176871 1
194.676100 1
195.163719 1
195.639728 1
196.127347 1
196.614966 1
197.125805 1
197.601814 1
198.066213 1
198.519002 1
199.006621 1
199.505850 1
199.993469 1
200.481088 1
200.991927 1
201.479546 1
201.967166 1
202.454785 1
202.954014 1
203.441633 1
203.940862 1
204.440091 1
204.916100 1
205.392109 1
205.868118 1
206.344127 1
206.843356 1
207.330975 1
207.818594 1
208.294603 1
208.759002 1
209.223401 1
209.687800 1
210.152200 1
210.616599 1
211.104218 1
211.591837 1
212.079456 1
212.555465 1
213.019864 1
213.484263 1
213.960272 1
214.459501 1
214.958730 1
215.411519 1
215.887528 1
216.363537 1
216.839546 1
217.327166 1
217.803175 1
218.279184 1
218.766803 1
219.266032 1
219.765261 1
220.241270 1
220.740499 1
221.251338 1
221.727347 1
222.214966 1
222.702585 1
223.190204 1
223.677823 1
224.165442 1
224.653061 1
225.140680 1
225.616689 1
226.092698 1
226.580317 1
227.079546 1
227.567166 1
228.054785 1
228.554014 1
229.053243 1
229.552472 1
230.028481 1
230.516100 1
231.003719 1
231.479728 1
231.978957 1
232.443356 1
232.942585 1
233.430204 1
233.906213 1
234.405442 1
234.904671 1
235.392290 1
235.868299 1
236.355918 1
236.855147 1
237.331156 1
237.830385 1
238.318005 1
238.805624 1
239.293243 1
239.780862 1
240.268481 1
240.756100 1
241.243719 1
241.708118 1
242.218957 1
242.706576 1
243.194195 1
243.681814 1
244.169433 1
244.657052 1
245.144671 1
245.632290 1
246.119909 1
246.607528 1
247.083537 1
247.582766 1
248.081995 1
248.627664 1
249.173333 1
249.777052 1
250.276281 1
250.763900 1
251.251519 1
251.727528 1
252.226757 1
252.714376 1
253.201995 1
253.689615 1
254.177234 1
254.664853 1
255.152472 1
255.640091 1
256.127710 1
256.615329 1
257.091338 1
257.590567 1
258.066576 1
258.554195 1
259.041814 1
259.529433 1
260.017052 1
260.516281 1
260.992290 1
261.491519 1
261.967528 1
262.466757 1
262.942766 1
263.441995 1
263.918005 1
264.417234 1
264.904853 1
265.392472 1
265.880091 1
266.367710 1
266.855329 1
267.342948 1
267.830567 1
268.318186 1
268.805805 1
269.293424 1
269.781043 1
270.268662 1
270.756281 1
271.243900 1
271.731519 1
272.219138 1
272.706757 1
273.194376 1
273.681995 1
274.169615 1
274.657234 1
275.144853 1
275.632472 1
276.120091 1
276.607710 1
277.095329 1
277.582948 1
278.070567 1
278.558186 1
279.045805 1
279.533424 1
280.021043 1
280.508662 1
281.007891 1
281.483900 1
281.983129 1
282.459138 1
282.946757 1
283.434376 1
283.921995 1
284.409615 1
284.908844 1
285.384853 1
285.872472 1
286.360091 1
286.847710 1
287.335329 1
287.834558 1
288.310567 1
288.798186 1
289.285805 1
289.773424 1
290.261043 1
290.748662 1
291.236281 1
291.735510 1
292.211519 1
292.710748 1
293.198367 1
293.685986 1
294.173605 1
294.661224 1
295.148844 1
295.636463 1
296.124082 1
296.611701 1
297.099320 1
297.586939 1
298.074558 1
298.562177 1
299.049796 1
299.537415 1
300.025034 1
300.512653 1
301.000272 1
301.487891 1
301.975510 1
302.463129 1
302.950748 1
303.438367 1
303.925986 1
304.413605 1
304.901224 1
305.388844 1
305.876463 1
306.364082 1
306.851701 1
307.339320 1
307.826939 1
308.314558 1
308.802177 1
309.289796 1
309.777415 1
310.265034 1
310.764263 1
311.251882 1
311.727891 1
312.227120 1
312.714739 1
313.202358 1
313.689977 1
314.177596 1
314.665215 1
315.152834 1
315.640454 1
316.128073 1
316.615692 1
317.103311 1
317.590930 1
318.078549 1
318.566168 1
319.053787 1
319.541406 1
320.029025 1
320.516644 1
321.004263 1
321.491882 1
321.979501 1
322.467120 1
322.954739 1
323.442358 1
323.929977 1
324.417596 1
324.905215 1
325.392834 1
325.880454 1
326.368073 1
326.855692 1
327.343311 1
327.830930 1
328.318549 1
328.806168 1
329.293787 1
329.781406 1
330.269025 1
330.756644 1
331.244263 1
331.731882 1
332.219501 1
332.707120 1
333.194739 1
333.682358 1
334.169977 1
334.657596 1
335.145215 1
335.632834 1
336.120454 1
336.608073 1
337.095692 1
337.583311 1
338.070930 1
338.558549 1
339.046168 1
339.533787 1
340.021406 1
340.509025 1
340.996644 1
341.495873 1
341.971882 1
342.471111 1
342.947120 1
343.446349 1
343.933968 1
344.421587 1
344.909206 1
345.396825 1
345.884444 1
346.372063 1
346.848073 1
347.347302 1
347.823311 1
348.322540 1
348.810159 1
349.297778 1
349.785397 1
350.273016 1
350.749025 1
351.248254 1
351.735873 1
352.223492 1
352.711111 1
353.198730 1
353.686349 1
354.173968 1
354.661587 1
355.149206 1
355.636825 1
356.124444 1
356.612063 1
357.099683 1
357.587302 1
358.074921 1
358.562540 1
359.050159 1
359.537778 1
360.025397 1
360.513016 1
361.000635 1
361.488254 1
361.975873 1
362.463492 1
362.951111 1
363.438730 1
363.926349 1
364.413968 1
364.901587 1
365.389206 1
365.876825 1
366.364444 1
366.852063 1
367.339683 1
367.827302 1
368.314921 1
368.802540 1
369.290159 1
369.777778 1
370.265397 1
370.753016 1
371.240635 1
371.728254 1
372.215873 1
372.703492 1
373.191111 1
373.678730 1
374.166349 1
374.665578 1
375.153197 1
375.640816 1
376.116825 1
376.604444 1
377.092063 1
377.579683 1
378.067302 1
378.554921 1
379.042540 1
379.541769 1
380.029388 1
380.517007 1
380.993016 1
381.492245 1
381.968254 1
382.351383 1
382.769342 1
383.198912 1
383.686531 1
384.174150 1
384.661769 1
385.149388 1
385.637007 1
386.124626 1
386.612245 1
387.099864 1
387.587483 1
388.075102 1
388.562721 1
389.050340 1
389.537959 1
390.025578 1
390.513197 1
391.000816 1
391.488435 1
391.976054 1
392.463673 1
392.951293 1
393.438912 1
393.926531 1
394.414150 1
394.901769 1
395.389388 1
395.877007 1
396.364626 1
396.852245 1
397.339864 1
397.827483 1
398.315102 1
398.802721 1
399.290340 1
399.777959 1
400.265578 1
400.753197 1
401.240816 1
401.728435 1
402.216054 1
402.703673 1
403.191293 1
403.678912 1
404.166531 1
404.665760 1
405.153379 1
405.640998 1
406.117007 1
406.616236 1
407.103855 1
407.591474 1
408.079093 1
408.566712 1
409.042721 1
409.541950 1
410.029569 1
410.517188 1
411.004807 1
411.492426 1
411.980045 1
412.467664 1
412.955283 1
413.419683 1
413.918912 1
414.418141 1
414.905760 1
415.393379 1
415.880998 1
416.368617 1
416.856236 1
417.343855 1
417.831474 1
418.319093 1
418.806712 1
419.294331 1
419.770340 1
420.269569 1
420.757188 1
421.233197 1
421.720816 1
422.220045 1
422.707664 1
423.195283 1
423.682902 1
424.170522 1
424.646531 1
425.145760 1
425.633379 1
426.120998 1
426.608617 1
427.096236 1
427.583855 1
428.071474 1
428.559093 1
429.046712 1
429.534331 1
430.021950 1
430.509569 1
430.997188 1
431.484807 1
431.972426 1
432.460045 1
