0.510839 1
0.998458 1
1.486077 1
1.985306 1
2.472925 1
2.960544 1
3.448163 1
3.947392 1
4.435011 1
4.934240 1
5.421859 1
5.909478 1
6.408707 1
6.896327 1
7.383946 1
7.883175 1
8.370794 1
8.870023 1
9.346032 1
9.845261 1
10.344490 1
10.832109 1
11.319728 1
11.818957 1
12.306576 1
12.805805 1
13.281814 1
13.781043 1
14.280272 1
14.767891 1
15.255510 1
15.754739 1
16.242358 1
16.741587 1
17.217596 1
17.716825 1
18.216054 1
18.703673 1
19.191293 1
19.690522 1
20.178141 1
20.665760 1
21.153379 1
21.652608 1
22.140227 1
22.639456 1
23.127075 1
23.626304 1
24.113923 1
24.601542 1
25.089161 1
25.588390 1
26.076009 1
26.575238 1
27.062857 1
27.562086 1
28.049705 1
28.537324 1
29.024943 1
29.524172 1
30.011791 1
30.511020 1
30.998639 1
31.497868 1
31.985488 1
32.473107 1
32.960726 1
33.459955 1
33.947574 1
34.446803 1
34.934422 1
35.433651 1
35.921270 1
36.408889 1
36.896508 1
37.395737 1
37.883356 1
38.382585 1
38.858594 1
39.357823 1
39.857052 1
40.344671 1
40.832290 1
41.331519 1
41.819138 1
42.306757 1
42.794376 1
43.293605 1
43.781224 1
44.280454 1
44.756463 1
45.267302 1
45.754921 1
46.242540 1
46.730159 1
47.229388 1
47.717007 1
48.216236 1
48.692245 1
49.191474 1
49.690703 1
50.178322 1
50.665941 1
51.165170 1
51.652789 1
52.140408 1
52.628027 1
53.127256 1
53.626485 1
54.114104 1
54.601723 1
55.100952 1
55.588571 1
56.076190 1
56.563810 1
57.063039 1
57.550658 1
58.049887 1
58.537506 1
59.036735 1
59.524354 1
60.011973 1
60.499592 1
60.998821 1
61.498050 1
61.985669 1
62.473288 1
62.972517 1
63.460136 1
63.947755 1
64.435374 1
64.934603 1
65.422222 1
65.921451 1
66.409070 1
66.896689 1
67.395918 1
67.883537 1
68.371156 1
68.870385 1
69.358005 1
69.857234 1
70.333243 1
70.832472 1
71.331701 1
71.819320 1
72.306939 1
72.806168 1
73.293787 1
73.781406 1
74.269025 1
74.768254 1
75.267483 1
75.755102 1
76.242721 1
76.741950 1
77.229569 1
77.717188 1
78.204807 1
78.704036 1
79.203265 1
79.690884 1
80.178503 1
80.677732 1
81.165351 1
81.652971 1
82.140590 1
82.639819 1
83.127438 1
83.626667 1
84.102676 1
84.613515 1
85.101134 1
85.588753 1
86.076372 1
86.575601 1
87.063220 1
87.562449 1
88.038458 1
88.537687 1
89.036916 1
89.524535 1
90.012154 1
90.511383 1
90.999002 1
91.486621 1
91.974240 1
92.473469 1
92.972698 1
93.460317 1
93.947937 1
94.447166 1
94.934785 1
95.422404 1
95.910023 1
96.409252 1
96.908481 1
97.396100 1
97.883719 1
98.371338 1
98.870567 1
99.358186 1
99.845805 1
100.345034 1
100.832653 1
101.331882 1
101.819501 1
102.307120 1
102.806349 1
103.293968 1
103.781587 1
104.280816 1
104.768435 1
105.267664 1
105.755283 1
106.242902 1
106.742132 1
107.229751 1
107.717370 1
108.216599 1
108.704218 1
109.191837 1
109.679456 1
110.178685 1
110.677914 1
111.165533 1
111.653152 1
112.152381 1
112.640000 1
113.127619 1
113.615238 1
114.114467 1
114.602086 1
115.101315 1
115.577324 1
116.088163 1
116.575782 1
117.063401 1
117.551020 1
118.050249 1
118.537868 1
119.037098 1
119.513107 1
120.012336 1
120.511565 1
120.999184 1
121.486803 1
121.986032 1
122.473651 1
122.972880 1
123.448889 1
123.948118 1
124.447347 1
124.934966 1
125.422585 1
125.910204 1
126.409433 1
126.908662 1
127.396281 1
127.895510 1
128.383129 1
128.882358 1
129.381587 1
129.869206 1
130.356825 1
130.844444 1
131.343673 1
131.831293 1
132.318912 1
132.818141 1
133.317370 1
133.816599 1
134.315828 1
134.791837 1
135.279456 1
135.755465 1
136.254694 1
136.753923 1
137.241542 1
137.752381 1
138.251610 1
138.739229 1
139.226848 1
139.726077 1
140.213696 1
140.701315 1
141.200544 1
141.688163 1
142.175782 1
142.686621 1
143.185850 1
143.685079 1
144.184308 1
144.683537 1
145.171156 1
145.670385 1
146.158005 1
146.645624 1
147.133243 1
147.620862 1
148.108481 1
148.596100 1
149.083719 1
149.559728 1
150.035737 1
150.511746 1
150.999365 1
151.486984 1
151.997823 1
152.497052 1
152.984671 1
153.495510 1
154.006349 1
154.505578 1
154.993197 1
155.480816 1
155.945215 1
156.432834 1
156.920454 1
157.419683 1
157.918912 1
158.418141 1
158.905760 1
159.439819 1
159.985488 1
160.473107 1
160.960726 1
161.459955 1
161.959184 1
162.458413 1
162.957642 1
163.456871 1
163.944490 1
164.432109 1
164.908118 1
165.395737 1
165.894966 1
166.394195 1
166.881814 1
167.369433 1
167.857052 1
168.356281 1
168.843900 1
169.401179 1
169.958458 1
170.504127 1
171.038186 1
171.537415 1
172.036644 1
172.512653 1
173.011882 1
173.615601 1
174.114830 1
174.602449 1
175.101678 1
175.589297 1
176.076916 1
176.564535 1
177.063764 1
177.551383 1
178.050612 1
178.538231 1
179.037460 1
179.525079 1
180.012698 1
180.500317 1
180.999546 1
181.487166 1
181.986395 1
182.474014 1
182.973243 1
183.460862 1
183.948481 1
184.436100 1
184.935329 1
185.422948 1
185.922177 1
186.398186 1
186.897415 1
187.396644 1
187.884263 1
188.371882 1
188.871111 1
189.358730 1
189.857959 1
190.333968 1
190.833197 1
191.320816 1
191.820045 1
192.307664 1
192.806893 1
193.294512 1
193.793741 1
194.269751 1
194.768980 1
195.256599 1
195.755828 1
196.243447 1
196.742676 1
197.230295 1
197.717914 1
198.205533 1
198.704762 1
199.192381 1
199.691610 1
200.179229 1
200.678458 1
201.166077 1
201.653696 1
202.141315 1
202.640544 1
203.128163 1
203.627392 1
204.115011 1
204.602630 1
205.101859 1
205.589478 1
206.077098 1
206.576327 1
207.063946 1
207.563175 1
208.050794 1
208.538413 1
209.037642 1
209.525261 1
210.012880 1
210.512109 1
210.999728 1
211.498957 1
211.974966 1
212.474195 1
212.973424 1
213.461043 1
213.948662 1
214.447891 1
214.935510 1
215.423129 1
215.910748 1
216.409977 1
216.897596 1
217.396825 1
217.884444 1
218.383673 1
218.871293 1
219.358912 1
219.846531 1
220.345760 1
220.833379 1
221.332608 1
221.808617 1
222.307846 1
222.807075 1
223.294694 1
223.782313 1
224.281542 1
224.769161 1
225.268390 1
225.744399 1
226.243628 1
226.742857 1
227.230476 1
227.718095 1
228.217324 1
228.704943 1
229.204172 1
229.680181 1
230.179410 1
230.667029 1
231.166259 1
231.653878 1
232.153107 1
232.640726 1
233.128345 1
233.615964 1
234.115193 1
234.602812 1
235.102041 1
235.589660 1
236.088889 1
236.576508 1
237.064127 1
237.551746 1
238.050975 1
238.538594 1
239.037823 1
239.525442 1
240.024671 1
240.512290 1
240.999909 1
241.487528 1
241.986757 1
242.474376 1
242.973605 1
243.461224 1
243.948844 1
244.448073 1
244.935692 1
245.423311 1
245.922540 1
246.410159 1
246.897778 1
247.397007 1
247.884626 1
248.383855 1
248.871474 1
249.359093 1
249.858322 1
250.345941 1
250.833560 1
251.321179 1
251.820408 1
252.308027 1
252.807256 1
253.294875 1
253.794104 1
254.281723 1
254.769342 1
255.256961 1
255.756190 1
256.243810 1
256.743039 1
257.219048 1
257.729887 1
258.217506 1
258.705125 1
259.192744 1
259.691973 1
260.179592 1
260.678821 1
261.154830 1
261.654059 1
262.153288 1
262.640907 1
263.128526 1
263.627755 1
264.115374 1
264.602993 1
265.090612 1
265.589841 1
266.089070 1
266.576689 1
267.064308 1
267.598367 1
268.132426 1
268.654875 1
269.165714 1
269.653333 1
270.140952 1
270.628571 1
271.127800 1
271.627029 1
272.114649 1
272.602268 1
273.089887 1
273.589116 1
274.088345 1
274.703673 1
275.191293 1
275.678912 1
276.154921 1
276.607710 1
277.072109 1
277.524898 1
278.012517 1
278.511746 1
279.115465 1
279.579864 1
280.032653 1
280.485442 1
280.961451 1
281.449070 1
281.948299 1
282.377868 1
282.819048 1
283.295057 1
283.782676 1
284.281905 1
284.769524 1
285.268753 1
285.756372 1
286.243991 1
286.731610 1
287.230839 1
287.718458 1
288.217687 1
288.693696 1
289.204535 1
289.692154 1
290.179773 1
290.667392 1
291.166621 1
291.654240 1
292.141859 1
292.629478 1
293.128707 1
293.616327 1
294.115556 1
294.603175 1
295.102404 1
295.590023 1
296.077642 1
296.565261 1
297.064490 1
297.552109 1
298.051338 1
298.538957 1
299.038186 1
299.525805 1
300.013424 1
300.501043 1
301.000272 1
301.487891 1
301.987120 1
302.474739 1
302.962358 1
303.461587 1
303.949206 1
304.436825 1
304.936054 1
305.423673 1
305.922902 1
306.410522 1
306.909751 1
307.397370 1
307.884989 1
308.372608 1
308.871837 1
309.359456 1
309.858685 1
310.346304 1
310.833923 1
311.321542 1
311.820771 1
312.308390 1
312.807619 1
313.295238 1
313.782857 1
314.282086 1
314.769705 1
315.257324 1
315.756553 1
316.244172 1
316.743401 1
317.231020 1
317.718639 1
318.206259 1
318.705488 1
319.193107 1
319.692336 1
320.168345 1
320.667574 1
321.166803 1
321.654422 1
322.142041 1
322.641270 1
323.128889 1
323.628118 1
324.104127 1
324.603356 1
325.102585 1
325.590204 1
326.077823 1
326.577052 1
327.064671 1
327.563900 1
328.039909 1
328.539138 1
329.026757 1
329.421497 1
329.851066 1
330.269025 1
330.756644 1
331.255873 1
331.743492 1
332.231111 1
332.718730 1
333.217959 1
333.705578 1
334.204807 1
334.692426 1
335.180045 1
335.667664 1
336.166893 1
336.654512 1
337.153741 1
337.641361 1
338.128980 1
338.628209 1
339.115828 1
339.603447 1
340.102676 1
340.590295 1
341.089524 1
341.577143 1
342.064762 1
342.563991 1
343.051610 1
343.539229 1
344.038458 1
344.526077 1
345.025306 1
345.512925 1
346.000544 1
346.499773 1
346.987392 1
347.475011 1
347.974240 1
348.461859 1
348.949478 1
349.437098 1
349.936327 1
350.423946 1
350.923175 1
351.410794 1
351.910023 1
352.397642 1
352.885261 1
353.372880 1
353.872109 1
354.359728 1
354.858957 1
355.346576 1
355.834195 1
356.333424 1
356.821043 1
357.308662 1
357.807891 1
358.295510 1
358.794739 1
359.282358 1
359.769977 1
360.269206 1
360.756825 1
361.244444 1
361.743673 1
362.231293 1
362.602812 1
362.974331 1
363.450340 1
363.949569 1
364.437188 1
364.936417 1
365.424036 1
365.911655 1
366.410884 1
366.898503 1
367.386122 1
367.885351 1
368.372971 1
368.860590 1
369.348209 1
369.847438 1
370.346667 1
370.834286 1
371.321905 1
371.821134 1
372.308753 1
372.796372 1
373.283991 1
373.783220 1
374.282449 1
374.770068 1
375.246077 1
375.756916 1
376.244535 1
376.732154 1
377.219773 1
