0.440000 1
0.880000 1
1.330000 1
1.760000 1
2.210000 1
2.650000 1
3.100000 1
3.530000 1
3.970000 1
4.410000 1
4.850000 1
5.300000 1
5.730000 1
6.170000 1
6.620000 1
7.060000 1
7.500000 1
7.940000 1
8.380000 1
8.820000 1
9.260000 1
9.700000 1
10.150000 1
10.590000 1
11.030000 1
11.470000 1
11.910000 1
12.350000 1
12.790000 1
13.230000 1
13.680000 1
14.120000 1
14.560000 1
15.000000 1
15.440000 1
15.880000 1
16.320000 1
16.760000 1
17.210000 1
17.650000 1
18.090000 1
18.530000 1
18.970000 1
19.410000 1
19.850000 1
20.290000 1
20.730000 1
21.180000 1
21.620000 1
22.050000 1
22.500000 1
22.940000 1
23.380000 1
23.820000 1
24.260000 1
24.700000 1
25.140000 1
25.590000 1
26.030000 1
26.470000 1
26.900000 1
27.350000 1
27.790000 1
28.230000 1
28.670000 1
29.110000 1
29.560000 1
30.000000 1
30.440000 1
30.880000 1
31.320000 1
31.760000 1
32.200000 1
32.640000 1
33.090000 1
33.530000 1
33.960000 1
34.410000 1
34.850000 1
35.290000 1
35.730000 1
36.170000 1
36.610000 1
37.060000 1
37.490000 1
37.940000 1
38.380000 1
38.820000 1
39.260000 1
39.700000 1
40.140000 1
40.590000 1
41.020000 1
41.470000 1
41.910000 1
42.350000 1
42.790000 1
43.230000 1
43.670000 1
44.110000 1
44.550000 1
45.000000 1
45.440000 1
45.880000 1
46.320000 1
46.760000 1
47.200000 1
47.640000 1
48.070000 1
48.530000 1
48.970000 1
49.410000 1
49.850000 1
50.290000 1
50.730000 1
51.180000 1
51.620000 1
52.060000 1
52.500000 1
52.940000 1
53.380000 1
53.820000 1
54.260000 1
54.700000 1
55.140000 1
55.590000 1
56.030000 1
56.470000 1
56.910000 1
57.350000 1
57.790000 1
58.230000 1
58.670000 1
59.120000 1
59.560000 1
60.000000 1
60.440000 1
60.880000 1
61.320000 1
61.760000 1
62.200000 1
62.640000 1
63.080000 1
63.530000 1
63.970000 1
64.410000 1
64.850000 1
65.290000 1
65.730000 1
66.180000 1
66.620000 1
67.060000 1
67.500000 1
67.940000 1
68.380000 1
68.820000 1
69.260000 1
69.710000 1
70.150000 1
70.590000 1
71.030000 1
71.470000 1
71.910000 1
72.350000 1
72.790000 1
73.230000 1
73.680000 1
74.120000 1
74.560000 1
75.000000 1
75.440000 1
75.880000 1
76.320000 1
76.760000 1
77.200000 1
77.640000 1
78.090000 1
78.530000 1
78.970000 1
79.410000 1
79.850000 1
80.290000 1
80.730000 1
81.180000 1
81.620000 1
82.060000 1
82.500000 1
82.940000 1
83.380000 1
83.820000 1
84.260000 1
84.710000 1
85.150000 1
85.590000 1
86.030000 1
86.470000 1
86.910000 1
87.350000 1
87.790000 1
88.230000 1
88.680000 1
89.120000 1
89.560000 1
90.000000 1
90.440000 1
90.880000 1
91.320000 1
91.760000 1
92.210000 1
92.650000 1
93.080000 1
93.530000 1
93.970000 1
94.410000 1
94.860000 1
95.290000 1
95.720000 1
96.180000 1
96.610000 1
97.060000 1
97.480000 1
97.940000 1
98.380000 1
98.820000 1
99.260000 1
99.700000 1
100.150000 1
100.590000 1
101.030000 1
101.470000 1
101.910000 1
102.350000 1
102.790000 1
103.230000 1
103.680000 1
104.120000 1
104.560000 1
105.000000 1
105.440000 1
105.880000 1
106.320000 1
106.760000 1
107.200000 1
107.640000 1
108.080000 1
108.520000 1
108.970000 1
109.410000 1
109.850000 1
110.290000 1
110.730000 1
111.170000 1
111.610000 1
112.050000 1
112.500000 1
112.930000 1
113.370000 1
113.820000 1
114.260000 1
114.700000 1
115.140000 1
115.580000 1
116.020000 1
116.470000 1
116.910000 1
117.350000 1
117.790000 1
118.230000 1
118.670000 1
119.110000 1
119.550000 1
120.000000 1
120.440000 1
120.880000 1
121.320000 1
121.760000 1
122.200000 1
122.640000 1
123.080000 1
123.530000 1
123.960000 1
124.410000 1
124.850000 1
125.290000 1
125.730000 1
126.170000 1
126.610000 1
127.060000 1
127.500000 1
127.940000 1
128.380000 1
128.820000 1
129.260000 1
129.700000 1
130.140000 1
130.580000 1
131.030000 1
131.470000 1
131.910000 1
132.350000 1
132.800000 1
133.240000 1
133.690000 1
134.120000 1
134.560000 1
135.000000 1
135.440000 1
135.880000 1
136.320000 1
136.760000 1
137.210000 1
137.650000 1
138.090000 1
138.530000 1
138.970000 1
139.410000 1
139.850000 1
140.290000 1
140.730000 1
141.180000 1
141.620000 1
142.060000 1
142.500000 1
142.940000 1
143.380000 1
143.820000 1
144.260000 1
144.700000 1
145.150000 1
145.590000 1
146.030000 1
146.470000 1
146.910000 1
147.350000 1
147.790000 1
148.230000 1
148.670000 1
149.120000 1
149.560000 1
150.000000 1
150.440000 1
150.880000 1
151.320000 1
151.760000 1
152.200000 1
152.650000 1
153.090000 1
153.530000 1
153.960000 1
154.410000 1
154.850000 1
155.290000 1
155.730000 1
156.180000 1
156.620000 1
157.060000 1
157.500000 1
157.940000 1
158.380000 1
158.820000 1
159.260000 1
159.700000 1
160.150000 1
160.590000 1
161.010000 1
161.470000 1
161.900000 1
162.350000 1
162.790000 1
163.230000 1
163.680000 1
164.120000 1
164.560000 1
165.000000 1
165.440000 1
165.880000 1
166.330000 1
166.770000 1
167.190000 1
