0.240000 1
0.710000 1
1.190000 1
1.660000 1
2.140000 1
2.630000 1
3.100000 1
3.560000 1
4.050000 1
4.510000 1
5.010000 1
5.480000 1
5.970000 1
6.440000 1
6.910000 1
7.390000 1
7.850000 1
8.330000 1
8.810000 1
9.290000 1
9.760000 1
10.230000 1
10.700000 1
11.180000 1
11.660000 1
12.140000 1
12.620000 1
13.090000 1
13.570000 1
14.040000 1
14.520000 1
14.990000 1
15.470000 1
15.950000 1
16.420000 1
16.900000 1
17.380000 1
17.850000 1
18.330000 1
18.800000 1
19.280000 1
19.760000 1
20.230000 1
20.710000 1
21.190000 1
21.660000 1
22.140000 1
22.610000 1
23.090000 1
23.570000 1
24.040000 1
24.520000 1
24.990000 1
25.470000 1
25.950000 1
26.420000 1
26.900000 1
27.370000 1
27.850000 1
28.330000 1
28.800000 1
29.280000 1
29.760000 1
30.230000 1
30.710000 1
31.180000 1
31.660000 1
32.140000 1
32.610000 1
33.090000 1
33.570000 1
34.040000 1
34.520000 1
34.990000 1
35.470000 1
35.950000 1
36.420000 1
36.900000 1
37.380000 1
37.850000 1
38.330000 1
38.800000 1
39.280000 1
39.750000 1
40.230000 1
40.700000 1
41.180000 1
41.660000 1
42.140000 1
42.610000 1
43.090000 1
43.570000 1
44.040000 1
44.520000 1
44.990000 1
45.470000 1
45.950000 1
46.420000 1
46.900000 1
47.380000 1
47.850000 1
48.330000 1
48.800000 1
49.280000 1
49.760000 1
50.230000 1
50.710000 1
51.190000 1
51.660000 1
52.140000 1
52.610000 1
53.090000 1
53.570000 1
54.040000 1
54.520000 1
55.000000 1
55.470000 1
55.950000 1
56.420000 1
56.900000 1
57.380000 1
57.850000 1
58.330000 1
58.800000 1
59.280000 1
59.760000 1
60.230000 1
60.710000 1
61.180000 1
61.660000 1
62.140000 1
62.610000 1
63.090000 1
63.570000 1
64.040000 1
64.520000 1
64.990000 1
65.470000 1
65.950000 1
66.420000 1
66.900000 1
67.370000 1
67.850000 1
68.330000 1
68.800000 1
69.280000 1
69.760000 1
70.230000 1
70.710000 1
71.180000 1
71.660000 1
72.140000 1
72.610000 1
73.080000 1
73.560000 1
74.040000 1
74.510000 1
74.990000 1
75.460000 1
75.920000 1
76.380000 1
76.850000 1
77.330000 1
77.820000 1
78.310000 1
78.770000 1
79.250000 1
79.750000 1
80.230000 1
80.710000 1
81.170000 1
81.670000 1
82.130000 1
82.630000 1
83.110000 1
83.590000 1
84.060000 1
84.540000 1
85.010000 1
85.490000 1
85.980000 1
86.430000 1
86.920000 1
87.380000 1
87.860000 1
88.330000 1
88.800000 1
89.300000 1
89.760000 1
90.240000 1
90.720000 1
91.220000 1
91.680000 1
92.160000 1
92.660000 1
93.140000 1
93.620000 1
94.090000 1
94.580000 1
95.040000 1
95.520000 1
96.020000 1
96.480000 1
96.970000 1
97.460000 1
97.930000 1
98.390000 1
98.880000 1
99.330000 1
99.800000 1
100.290000 1
100.740000 1
101.210000 1
101.700000 1
102.160000 1
102.620000 1
103.100000 1
103.580000 1
104.080000 1
104.620000 1
105.100000 1
105.600000 1
106.070000 1
106.550000 1
107.030000 1
107.500000 1
107.980000 1
108.450000 1
108.930000 1
109.400000 1
109.880000 1
110.360000 1
110.830000 1
111.310000 1
111.790000 1
112.260000 1
112.740000 1
113.210000 1
113.690000 1
114.160000 1
114.640000 1
115.120000 1
115.590000 1
116.070000 1
116.540000 1
117.020000 1
117.500000 1
117.970000 1
118.450000 1
118.880000 1
119.320000 1
119.760000 1
120.220000 1
120.700000 1
121.190000 1
121.670000 1
122.150000 1
122.610000 1
123.070000 1
123.560000 1
124.050000 1
124.510000 1
125.010000 1
125.480000 1
125.970000 1
126.440000 1
126.910000 1
127.390000 1
127.850000 1
128.330000 1
128.820000 1
129.290000 1
129.760000 1
130.240000 1
130.720000 1
131.180000 1
131.660000 1
132.140000 1
132.610000 1
133.090000 1
133.570000 1
134.040000 1
134.520000 1
134.990000 1
135.470000 1
135.950000 1
136.420000 1
136.900000 1
137.380000 1
137.850000 1
138.330000 1
138.800000 1
139.280000 1
139.760000 1
140.230000 1
140.710000 1
141.190000 1
141.660000 1
142.140000 1
142.610000 1
143.090000 1
143.570000 1
144.040000 1
144.520000 1
144.990000 1
145.470000 1
145.950000 1
146.420000 1
146.900000 1
147.370000 1
147.850000 1
148.330000 1
148.810000 1
149.280000 1
149.760000 1
150.230000 1
150.710000 1
151.180000 1
151.660000 1
152.140000 1
152.610000 1
153.090000 1
153.570000 1
154.040000 1
154.520000 1
154.990000 1
155.470000 1
155.950000 1
156.420000 1
156.900000 1
157.380000 1
157.850000 1
158.330000 1
158.800000 1
159.280000 1
159.750000 1
160.230000 1
160.700000 1
161.180000 1
161.660000 1
162.140000 1
162.610000 1
163.090000 1
163.570000 1
164.040000 1
164.520000 1
164.990000 1
165.470000 1
165.950000 1
166.420000 1
166.900000 1
167.380000 1
167.850000 1
168.330000 1
168.800000 1
169.280000 1
169.760000 1
