0.030000 1
0.500000 1
0.960000 1
1.430000 1
1.890000 1
2.360000 1
2.820000 1
3.290000 1
3.750000 1
4.220000 1
4.680000 1
5.150000 1
5.610000 1
6.080000 1
6.540000 1
7.010000 1
7.470000 1
7.940000 1
8.410000 1
8.870000 1
9.330000 1
9.800000 1
10.270000 1
10.730000 1
11.190000 1
11.660000 1
12.130000 1
12.590000 1
13.050000 1
13.520000 1
13.990000 1
14.450000 1
14.920000 1
15.380000 1
15.850000 1
16.320000 1
16.780000 1
17.250000 1
17.710000 1
18.180000 1
18.640000 1
19.110000 1
19.570000 1
20.040000 1
20.500000 1
20.970000 1
21.430000 1
21.900000 1
22.360000 1
22.830000 1
23.290000 1
23.760000 1
24.220000 1
24.690000 1
25.150000 1
25.620000 1
26.080000 1
26.550000 1
27.010000 1
27.480000 1
27.940000 1
28.410000 1
28.870000 1
29.340000 1
29.800000 1
30.270000 1
30.730000 1
31.200000 1
31.660000 1
32.130000 1
32.590000 1
33.060000 1
33.520000 1
33.990000 1
34.450000 1
34.920000 1
35.380000 1
35.850000 1
36.310000 1
36.780000 1
37.240000 1
37.710000 1
38.180000 1
38.640000 1
39.100000 1
39.570000 1
40.030000 1
40.500000 1
40.960000 1
41.430000 1
41.900000 1
42.360000 1
42.820000 1
43.290000 1
43.750000 1
44.220000 1
44.690000 1
45.150000 1
45.620000 1
46.080000 1
46.550000 1
47.010000 1
47.480000 1
47.940000 1
48.410000 1
48.870000 1
49.340000 1
49.800000 1
50.270000 1
50.730000 1
51.200000 1
51.660000 1
52.130000 1
52.590000 1
53.060000 1
53.520000 1
53.990000 1
54.450000 1
54.920000 1
55.390000 1
55.850000 1
56.310000 1
56.780000 1
57.250000 1
57.710000 1
58.170000 1
58.640000 1
59.100000 1
59.460000 1
59.800000 1
60.270000 1
60.740000 1
61.200000 1
61.660000 1
62.130000 1
62.590000 1
63.060000 1
63.520000 1
63.990000 1
64.450000 1
64.920000 1
65.380000 1
65.850000 1
66.320000 1
66.780000 1
67.250000 1
67.710000 1
68.180000 1
68.640000 1
69.110000 1
69.570000 1
70.040000 1
70.500000 1
70.970000 1
71.430000 1
71.900000 1
72.360000 1
72.830000 1
73.290000 1
73.760000 1
74.220000 1
74.700000 1
75.150000 1
75.630000 1
76.080000 1
76.560000 1
77.010000 1
77.480000 1
77.940000 1
78.410000 1
78.870000 1
79.350000 1
79.810000 1
80.280000 1
80.740000 1
81.210000 1
81.780000 1
82.350000 1
82.820000 1
83.270000 1
83.760000 1
84.210000 1
84.690000 1
85.150000 1
85.620000 1
86.090000 1
86.550000 1
87.010000 1
87.480000 1
87.960000 1
88.430000 1
88.880000 1
89.370000 1
89.820000 1
90.270000 1
90.750000 1
91.210000 1
91.660000 1
92.110000 1
92.590000 1
93.040000 1
93.530000 1
94.000000 1
94.460000 1
94.940000 1
95.410000 1
95.870000 1
96.330000 1
96.770000 1
97.230000 1
97.700000 1
98.150000 1
98.620000 1
99.080000 1
99.540000 1
100.010000 1
100.500000 1
100.970000 1
101.430000 1
101.900000 1
102.360000 1
102.820000 1
103.290000 1
103.760000 1
104.220000 1
104.690000 1
105.150000 1
105.610000 1
106.080000 1
106.540000 1
107.010000 1
107.480000 1
107.940000 1
108.410000 1
108.870000 1
109.340000 1
109.800000 1
110.270000 1
110.730000 1
111.200000 1
111.660000 1
112.130000 1
112.590000 1
113.060000 1
113.520000 1
114.000000 1
114.450000 1
114.920000 1
115.380000 1
115.850000 1
116.310000 1
116.780000 1
117.250000 1
117.710000 1
118.170000 1
118.640000 1
119.100000 1
119.570000 1
120.030000 1
120.500000 1
120.970000 1
121.430000 1
121.900000 1
122.360000 1
122.820000 1
123.290000 1
123.760000 1
124.220000 1
124.690000 1
125.150000 1
125.620000 1
126.080000 1
126.550000 1
127.010000 1
127.480000 1
127.940000 1
128.410000 1
128.870000 1
129.340000 1
129.800000 1
130.270000 1
130.730000 1
131.200000 1
131.660000 1
132.130000 1
132.590000 1
133.060000 1
133.530000 1
133.990000 1
134.450000 1
134.920000 1
135.390000 1
135.850000 1
136.310000 1
136.780000 1
137.250000 1
137.710000 1
138.170000 1
138.640000 1
139.110000 1
139.570000 1
140.030000 1
140.500000 1
140.970000 1
141.430000 1
141.890000 1
142.360000 1
142.830000 1
143.290000 1
143.750000 1
144.220000 1
144.690000 1
145.150000 1
145.620000 1
146.080000 1
146.550000 1
147.010000 1
147.480000 1
147.950000 1
148.410000 1
148.880000 1
149.340000 1
149.810000 1
150.270000 1
150.740000 1
151.200000 1
151.670000 1
152.130000 1
152.600000 1
153.060000 1
153.530000 1
153.990000 1
154.460000 1
154.920000 1
155.390000 1
155.850000 1
156.320000 1
156.780000 1
157.250000 1
157.710000 1
158.190000 1
158.640000 1
159.120000 1
159.570000 1
160.040000 1
160.510000 1
160.980000 1
161.460000 1
161.910000 1
162.380000 1
162.840000 1
163.310000 1
163.770000 1
164.230000 1
164.700000 1
165.160000 1
165.630000 1
166.090000 1
166.550000 1
167.020000 1
167.480000 1
167.950000 1
168.410000 1
168.880000 1
169.350000 1
169.810000 1
170.270000 1
170.740000 1
171.200000 1
171.670000 1
172.140000 1
172.600000 1
173.070000 1
173.530000 1
173.990000 1
174.460000 1
174.920000 1
175.380000 1
175.840000 1
176.290000 1
176.780000 1
177.230000 1
177.710000 1
178.180000 1
178.660000 1
179.120000 1
179.590000 1
180.050000 1
180.490000 1
180.980000 1
181.450000 1
181.890000 1
182.370000 1
182.830000 1
183.280000 1
183.730000 1
184.220000 1
184.690000 1
185.140000 1
185.610000 1
186.080000 1
186.550000 1
187.030000 1
187.500000 1
187.960000 1
188.430000 1
188.890000 1
189.350000 1
189.810000 1
190.270000 1
190.720000 1
191.170000 1
191.660000 1
192.130000 1
192.600000 1
193.070000 1
193.530000 1
194.000000 1
194.460000 1
194.930000 1
195.380000 1
195.860000 1
196.340000 1
196.790000 1
197.260000 1
197.720000 1
198.170000 1
198.620000 1
199.110000 1
199.580000 1
200.030000 1
200.500000 1
200.970000 1
201.440000 1
201.920000 1
202.400000 1
202.860000 1
203.320000 1
203.760000 1
204.240000 1
204.680000 1
205.150000 1
205.600000 1
206.060000 1
206.530000 1
206.990000 1
207.450000 1
207.930000 1
208.410000 1
208.870000 1
209.340000 1
209.800000 1
210.270000 1
210.730000 1
211.200000 1
211.660000 1
212.130000 1
212.590000 1
213.060000 1
213.520000 1
213.990000 1
214.450000 1
214.920000 1
215.380000 1
215.850000 1
216.310000 1
216.780000 1
217.250000 1
217.710000 1
218.180000 1
218.640000 1
219.110000 1
219.570000 1
220.030000 1
220.500000 1
220.960000 1
221.430000 1
221.890000 1
222.370000 1
222.830000 1
223.290000 1
223.760000 1
224.220000 1
224.690000 1
225.150000 1
225.620000 1
226.080000 1
226.550000 1
227.010000 1
227.480000 1
227.940000 1
228.410000 1
228.870000 1
229.340000 1
229.800000 1
230.270000 1
230.730000 1
231.200000 1
231.660000 1
232.130000 1
232.590000 1
233.060000 1
233.520000 1
233.990000 1
234.450000 1
234.920000 1
235.380000 1
235.850000 1
236.320000 1
236.780000 1
237.250000 1
237.700000 1
238.180000 1
238.640000 1
239.110000 1
239.570000 1
240.040000 1
240.500000 1
240.970000 1
241.430000 1
241.900000 1
242.360000 1
242.830000 1
243.290000 1
243.760000 1
244.220000 1
244.690000 1
245.150000 1
245.620000 1
246.080000 1
246.550000 1
247.010000 1
247.480000 1
247.940000 1
248.410000 1
248.870000 1
249.340000 1
249.800000 1
250.270000 1
250.730000 1
251.200000 1
251.660000 1
252.130000 1
252.590000 1
253.060000 1
253.530000 1
253.990000 1
254.460000 1
254.920000 1
255.390000 1
255.850000 1
256.320000 1
256.780000 1
257.250000 1
257.710000 1
258.180000 1
258.640000 1
259.110000 1
259.570000 1
260.040000 1
260.500000 1
260.970000 1
261.430000 1
261.900000 1
262.360000 1
262.830000 1
263.290000 1
263.760000 1
264.220000 1
264.690000 1
265.150000 1
265.620000 1
266.080000 1
266.550000 1
267.010000 1
267.480000 1
267.940000 1
268.410000 1
268.870000 1
269.340000 1
269.800000 1
270.270000 1
270.740000 1
271.200000 1
271.660000 1
272.130000 1
272.600000 1
273.060000 1
273.520000 1
273.990000 1
274.460000 1
274.920000 1
275.380000 1
275.850000 1
276.320000 1
276.780000 1
277.250000 1
277.710000 1
278.180000 1
278.640000 1
279.110000 1
279.570000 1
280.040000 1
280.500000 1
280.970000 1
281.430000 1
281.910000 1
282.360000 1
282.830000 1
283.290000 1
283.760000 1
284.220000 1
284.690000 1
285.150000 1
285.620000 1
286.080000 1
286.550000 1
287.010000 1
287.480000 1
287.940000 1
288.410000 1
288.870000 1
289.340000 1
289.800000 1
290.270000 1
290.730000 1
291.200000 1
291.660000 1
292.130000 1
292.590000 1
293.060000 1
293.520000 1
293.990000 1
294.450000 1
294.920000 1
295.390000 1
295.850000 1
296.310000 1
296.780000 1
297.250000 1
297.710000 1
298.180000 1
298.640000 1
299.110000 1
299.570000 1
300.040000 1
300.500000 1
300.970000 1
301.430000 1
301.900000 1
302.360000 1
302.830000 1
303.290000 1
303.760000 1
304.220000 1
304.690000 1
305.150000 1
305.620000 1
306.080000 1
306.550000 1
307.010000 1
307.480000 1
307.940000 1
308.410000 1
308.870000 1
309.340000 1
309.800000 1
310.270000 1
310.730000 1
311.200000 1
311.660000 1
312.130000 1
