0.480000 1
0.970000 1
1.460000 1
1.950000 1
2.430000 1
2.920000 1
3.410000 1
3.900000 1
4.390000 1
4.870000 1
5.360000 1
5.850000 1
6.340000 1
6.830000 1
7.310000 1
7.810000 1
8.290000 1
8.780000 1
9.270000 1
9.760000 1
10.240000 1
10.740000 1
11.220000 1
11.710000 1
12.190000 1
12.690000 1
13.170000 1
13.660000 1
14.140000 1
14.640000 1
15.120000 1
15.610000 1
16.100000 1
16.580000 1
17.070000 1
17.560000 1
18.050000 1
18.530000 1
19.020000 1
19.520000 1
20.000000 1
20.490000 1
20.970000 1
21.470000 1
21.950000 1
22.450000 1
22.930000 1
23.420000 1
23.920000 1
24.400000 1
24.880000 1
25.370000 1
25.870000 1
26.340000 1
26.850000 1
27.320000 1
27.800000 1
28.300000 1
28.780000 1
29.270000 1
29.770000 1
30.240000 1
30.730000 1
31.230000 1
31.710000 1
32.200000 1
32.690000 1
33.170000 1
33.670000 1
34.140000 1
34.630000 1
35.110000 1
35.610000 1
36.100000 1
36.590000 1
37.070000 1
37.570000 1
38.050000 1
38.540000 1
39.030000 1
39.520000 1
40.000000 1
40.500000 1
40.980000 1
41.470000 1
41.960000 1
42.450000 1
42.930000 1
43.420000 1
43.900000 1
44.400000 1
44.880000 1
45.380000 1
45.860000 1
46.350000 1
46.830000 1
47.320000 1
47.800000 1
48.290000 1
48.780000 1
49.270000 1
49.760000 1
50.240000 1
50.730000 1
51.220000 1
51.710000 1
52.190000 1
52.690000 1
53.170000 1
53.660000 1
54.150000 1
54.620000 1
55.140000 1
55.600000 1
56.100000 1
56.580000 1
57.080000 1
57.560000 1
57.930000 1
58.320000 1
58.730000 1
59.100000 1
59.520000 1
59.920000 1
60.320000 1
60.710000 1
61.120000 1
61.550000 1
62.020000 1
62.470000 1
62.940000 1
63.410000 1
63.910000 1
64.390000 1
64.860000 1
65.360000 1
65.860000 1
66.330000 1
66.830000 1
67.320000 1
67.800000 1
68.280000 1
68.780000 1
69.270000 1
69.750000 1
70.230000 1
70.730000 1
71.220000 1
71.710000 1
72.190000 1
72.680000 1
73.170000 1
73.660000 1
74.140000 1
74.630000 1
75.120000 1
75.610000 1
76.090000 1
76.580000 1
77.070000 1
77.560000 1
78.050000 1
78.540000 1
79.020000 1
79.510000 1
80.000000 1
80.490000 1
80.980000 1
81.460000 1
81.950000 1
82.440000 1
82.930000 1
83.410000 1
83.900000 1
84.390000 1
84.880000 1
85.370000 1
85.850000 1
86.340000 1
86.830000 1
87.320000 1
87.810000 1
88.290000 1
88.780000 1
89.270000 1
89.760000 1
90.240000 1
90.730000 1
91.220000 1
91.710000 1
92.200000 1
92.680000 1
93.170000 1
93.660000 1
94.150000 1
94.640000 1
95.120000 1
95.610000 1
96.100000 1
96.590000 1
97.070000 1
97.560000 1
98.050000 1
98.540000 1
99.030000 1
99.510000 1
100.000000 1
100.490000 1
100.980000 1
101.470000 1
101.950000 1
102.440000 1
102.930000 1
103.410000 1
103.900000 1
104.390000 1
104.880000 1
105.370000 1
105.850000 1
106.340000 1
106.830000 1
107.320000 1
107.800000 1
108.290000 1
108.780000 1
109.270000 1
109.760000 1
110.240000 1
110.730000 1
111.220000 1
111.710000 1
112.200000 1
112.680000 1
113.170000 1
113.660000 1
114.150000 1
114.630000 1
115.120000 1
115.610000 1
116.100000 1
116.580000 1
117.070000 1
117.560000 1
118.050000 1
118.540000 1
119.020000 1
119.510000 1
120.000000 1
120.490000 1
120.970000 1
121.460000 1
121.950000 1
122.440000 1
122.930000 1
123.410000 1
123.900000 1
124.390000 1
124.880000 1
125.370000 1
125.850000 1
126.340000 1
126.830000 1
127.320000 1
127.800000 1
128.290000 1
128.780000 1
129.270000 1
129.760000 1
130.240000 1
130.730000 1
131.220000 1
131.710000 1
132.200000 1
132.670000 1
133.150000 1
133.620000 1
134.100000 1
