0.034830 1
0.499229 1
0.963628 1
1.428027 1
1.892426 1
2.345215 1
2.809615 1
3.274014 1
3.738413 1
4.191202 1
4.655601 1
5.120000 1
5.584399 1
6.037188 1
6.501587 1
6.965986 1
7.430385 1
7.883175 1
8.347574 1
8.811973 1
9.276372 1
9.729161 1
10.193560 1
10.657959 1
11.122358 1
11.575147 1
12.039546 1
12.503946 1
12.968345 1
13.421134 1
13.885533 1
14.349932 1
14.814331 1
15.267120 1
15.731519 1
16.195918 1
16.660317 1
17.113107 1
17.577506 1
18.041905 1
18.506304 1
18.959093 1
19.423492 1
19.887891 1
20.352290 1
20.805079 1
21.269478 1
21.733878 1
22.198277 1
22.651066 1
23.115465 1
23.579864 1
24.044263 1
24.497052 1
24.961451 1
25.425850 1
25.890249 1
26.343039 1
26.807438 1
27.271837 1
27.736236 1
28.189025 1
28.653424 1
29.117823 1
29.582222 1
30.046621 1
30.499410 1
30.963810 1
31.428209 1
31.880998 1
32.345397 1
32.809796 1
33.274195 1
33.726984 1
34.191383 1
34.655782 1
35.120181 1
35.572971 1
36.037370 1
36.501769 1
36.966168 1
37.418957 1
37.883356 1
38.347755 1
38.812154 1
39.264943 1
39.729342 1
40.193741 1
40.658141 1
41.110930 1
41.575329 1
42.039728 1
42.504127 1
42.956916 1
43.421315 1
43.885714 1
44.350113 1
44.802902 1
45.267302 1
45.731701 1
46.196100 1
46.648889 1
47.113288 1
47.577687 1
48.042086 1
48.494875 1
48.959274 1
49.423673 1
49.888073 1
50.352472 1
50.805261 1
51.269660 1
51.734059 1
52.198458 1
52.651247 1
53.115646 1
53.580045 1
54.044444 1
54.497234 1
54.961633 1
55.426032 1
55.890431 1
56.343220 1
56.807619 1
57.272018 1
57.736417 1
58.189206 1
58.653605 1
59.118005 1
59.582404 1
60.046803 1
60.499592 1
60.963991 1
61.428390 1
61.892789 1
62.345578 1
62.809977 1
63.274376 1
63.738776 1
64.191565 1
64.655964 1
65.120363 1
65.584762 1
66.037551 1
66.501950 1
66.966349 1
67.430748 1
67.883537 1
68.347937 1
68.812336 1
69.276735 1
69.729524 1
70.193923 1
70.658322 1
71.122721 1
71.575510 1
72.039909 1
72.504308 1
72.968707 1
73.421497 1
73.885896 1
74.350295 1
74.814694 1
75.267483 1
75.731882 1
76.196281 1
76.660680 1
77.113469 1
77.577868 1
78.042268 1
78.506667 1
78.959456 1
79.423855 1
79.888254 1
80.352653 1
80.805442 1
81.269841 1
81.734240 1
82.198639 1
82.651429 1
83.115828 1
83.580227 1
84.044626 1
84.497415 1
84.961814 1
85.426213 1
85.890612 1
86.343401 1
86.807800 1
87.272200 1
87.736599 1
88.189388 1
88.653787 1
89.118186 1
89.582585 1
90.035374 1
90.499773 1
90.964172 1
91.428571 1
91.881361 1
92.345760 1
92.810159 1
93.274558 1
93.727347 1
94.191746 1
94.656145 1
95.120544 1
95.573333 1
96.037732 1
96.502132 1
96.966531 1
97.419320 1
97.883719 1
98.348118 1
98.812517 1
99.265306 1
99.729705 1
100.194104 1
100.658503 1
101.111293 1
101.575692 1
102.040091 1
102.504490 1
102.968889 1
103.433288 1
103.886077 1
104.350476 1
104.803265 1
105.267664 1
105.732063 1
106.196463 1
106.649252 1
107.113651 1
107.578050 1
108.042449 1
108.506848 1
108.959637 1
109.424036 1
109.888435 1
110.341224 1
110.805624 1
111.270023 1
111.734422 1
112.198821 1
112.651610 1
113.116009 1
113.580408 1
114.033197 1
114.497596 1
114.961995 1
115.426395 1
115.890794 1
116.343583 1
116.807982 1
117.272381 1
117.736780 1
118.189569 1
118.653968 1
119.118367 1
119.582766 1
120.035556 1
120.499955 1
120.964354 1
121.428753 1
121.893152 1
122.345941 1
122.810340 1
123.274739 1
123.739138 1
124.191927 1
124.656327 1
125.120726 1
125.585125 1
126.037914 1
126.502313 1
126.966712 1
127.431111 1
127.883900 1
128.348299 1
128.812698 1
129.277098 1
129.729887 1
130.194286 1
130.658685 1
131.123084 1
131.575873 1
132.040272 1
132.504671 1
132.969070 1
133.421859 1
133.886259 1
134.350658 1
134.815057 1
135.279456 1
135.732245 1
136.196644 1
136.661043 1
137.125442 1
137.578231 1
138.042630 1
138.507029 1
138.971429 1
139.424218 1
139.888617 1
140.353016 1
140.817415 1
141.270204 1
141.734603 1
142.199002 1
142.663401 1
143.116190 1
143.580590 1
144.044989 1
144.509388 1
144.962177 1
145.426576 1
145.879365 1
146.343764 1
146.808163 1
147.272562 1
147.725351 1
148.201361 1
148.654150 1
149.118549 1
149.582948 1
150.047347 1
150.500136 1
150.964535 1
151.428934 1
151.881723 1
152.346122 1
152.810522 1
153.274921 1
153.727710 1
154.192109 1
154.656508 1
155.120907 1
155.573696 1
156.038095 1
156.502494 1
156.966893 1
157.419683 1
157.884082 1
158.348481 1
158.812880 1
159.265669 1
159.730068 1
160.194467 1
160.658866 1
161.111655 1
161.576054 1
162.040454 1
162.504853 1
162.969252 1
163.433651 1
163.886440 1
164.350839 1
164.815238 1
165.268027 1
165.732426 1
166.196825 1
166.661224 1
167.114014 1
167.578413 1
168.042812 1
168.495601 1
168.960000 1
169.424399 1
169.888798 1
170.341587 1
170.805986 1
171.270385 1
171.734785 1
172.187574 1
172.651973 1
173.116372 1
173.580771 1
174.045170 1
174.497959 1
174.962358 1
175.426757 1
175.891156 1
176.355556 1
176.808345 1
177.272744 1
177.737143 1
178.201542 1
178.665941 1
179.118730 1
179.583129 1
180.035918 1
180.500317 1
180.964717 1
181.429116 1
181.881905 1
182.346304 1
182.810703 1
183.275102 1
183.727891 1
184.192290 1
184.656689 1
185.121088 1
185.585488 1
186.038277 1
186.502676 1
186.967075 1
187.419864 1
187.884263 1
188.348662 1
188.813061 1
189.277460 1
189.730249 1
190.194649 1
190.659048 1
191.111837 1
191.576236 1
192.040635 1
192.505034 1
192.969433 1
193.422222 1
193.886621 1
194.351020 1
194.815420 1
195.268209 1
195.732608 1
196.197007 1
196.661406 1
197.114195 1
197.578594 1
198.042993 1
198.507392 1
198.960181 1
199.424580 1
199.888980 1
200.353379 1
200.806168 1
201.270567 1
201.734966 1
202.199365 1
202.652154 1
203.116553 1
203.580952 1
204.045351 1
204.498141 1
204.962540 1
205.426939 1
205.891338 1
206.344127 1
206.808526 1
207.272925 1
207.737324 1
208.201723 1
208.654512 1
209.118912 1
209.583311 1
210.047710 1
210.500499 1
210.964898 1
211.429297 1
211.893696 1
212.346485 1
212.810884 1
213.275283 1
213.739683 1
214.192472 1
214.656871 1
215.121270 1
215.585669 1
216.038458 1
216.502857 1
216.967256 1
217.431655 1
217.884444 1
218.348844 1
218.813243 1
219.277642 1
219.730431 1
220.194830 1
220.659229 1
221.123628 1
221.588027 1
222.040816 1
222.505215 1
222.969615 1
223.422404 1
223.886803 1
224.351202 1
224.815601 1
225.268390 1
225.732789 1
226.197188 1
226.661587 1
227.125986 1
227.578776 1
228.043175 1
228.507574 1
228.971973 1
229.424762 1
229.889161 1
230.353560 1
230.817959 1
231.270748 1
231.735147 1
232.199546 1
232.663946 1
233.116735 1
233.581134 1
234.045533 1
234.509932 1
234.974331 1
235.427120 1
235.891519 1
236.355918 1
236.808707 1
237.273107 1
237.737506 1
238.201905 1
238.654694 1
239.119093 1
239.583492 1
240.047891 1
240.512290 1
240.965079 1
241.429478 1
241.893878 1
242.346667 1
242.811066 1
243.275465 1
243.739864 1
244.192653 1
244.657052 1
245.121451 1
245.585850 1
246.038639 1
246.503039 1
246.967438 1
247.431837 1
247.896236 1
248.349025 1
248.813424 1
249.277823 1
249.742222 1
250.195011 1
250.659410 1
251.123810 1
251.588209 1
252.040998 1
252.505397 1
252.969796 1
253.422585 1
253.886984 1
254.351383 1
254.815782 1
255.280181 1
255.732971 1
256.197370 1
256.661769 1
257.114558 1
257.578957 1
258.043356 1
258.507755 1
258.972154 1
259.424943 1
259.889342 1
260.353741 1
260.818141 1
261.270930 1
261.735329 1
262.199728 1
262.664127 1
263.116916 1
263.581315 1
264.045714 1
264.510113 1
264.974512 1
265.427302 1
265.891701 1
266.356100 1
266.808889 1
267.273288 1
267.737687 1
268.202086 1
268.654875 1
269.119274 1
269.583673 1
270.048073 1
270.500862 1
270.965261 1
271.429660 1
271.894059 1
272.346848 1
272.811247 1
273.275646 1
273.740045 1
274.192834 1
274.657234 1
275.121633 1
275.586032 1
276.038821 1
276.503220 1
276.967619 1
277.432018 1
277.884807 1
278.349206 1
278.813605 1
279.278005 1
279.730794 1
280.195193 1
280.659592 1
281.123991 1
281.588390 1
282.041179 1
282.505578 1
282.969977 1
283.422766 1
283.887166 1
284.351565 1
284.815964 1
285.268753 1
285.733152 1
286.197551 1
286.661950 1
287.114739 1
287.579138 1
288.043537 1
288.507937 1
288.960726 1
289.425125 1
289.889524 1
290.353923 1
290.806712 1
291.271111 1
291.735510 1
292.199909 1
292.652698 1
293.117098 1
293.581497 1
294.045896 1
294.510295 1
294.963084 1
295.427483 1
295.891882 1
296.356281 1
296.809070 1
297.273469 1
297.737868 1
298.202268 1
298.655057 1
299.119456 1
299.583855 1
300.048254 1
300.512653 1
300.965442 1
301.429841 1
301.894240 1
302.358639 1
302.811429 1
303.275828 1
303.740227 1
304.204626 1
304.657415 1
305.121814 1
305.586213 1
306.050612 1
306.503401 1
306.967800 1
307.432200 1
307.896599 1
308.349388 1
308.813787 1
309.278186 1
309.742585 1
310.195374 1
310.659773 1
311.124172 1
311.588571 1
312.041361 1
312.505760 1
312.970159 1
313.434558 1
313.898957 1
314.351746 1
314.816145 1
315.280544 1
315.744943 1
316.197732 1
316.662132 1
317.126531 1
317.590930 1
318.043719 1
318.508118 1
318.972517 1
319.436916 1
319.889705 1
320.354104 1
320.818503 1
321.271293 1
321.747302 1
322.200091 1
322.664490 1
323.128889 1
323.593288 1
324.057687 1
324.510476 1
324.963265 1
325.427664 1
325.892063 1
326.356463 1
326.809252 1
327.273651 1
327.738050 1
328.202449 1
328.782948 1
329.351837 1
329.816236 1
330.269025 1
330.733424 1
331.197823 1
331.662222 1
332.115011 1
332.579410 1
333.043810 1
333.508209 1
333.972608 1
334.437007 1
334.889796 1
335.354195 1
335.806984 1
336.271383 1
336.735782 1
337.200181 1
337.664580 1
338.128980 1
338.581769 1
339.046168 1
339.510567 1
339.974966 1
340.427755 1
340.892154 1
341.356553 1
341.820952 1
342.273741 1
342.738141 1
343.190930 1
343.666939 1
344.119728 1
344.584127 1
345.048526 1
345.512925 1
345.965714 1
346.430113 1
346.894512 1
347.358912 1
347.811701 1
348.276100 1
348.740499 1
349.204898 1
349.657687 1
350.122086 1
350.574875 1
351.050884 1
351.503673 1
351.968073 1
352.432472 1
352.896871 1
353.349660 1
353.814059 1
354.278458 1
354.742857 1
355.195646 1
355.660045 1
356.124444 1
356.588844 1
357.041633 1
357.506032 1
357.970431 1
358.434830 1
358.887619 1
359.352018 1
359.816417 1
360.280816 1
360.733605 1
361.198005 1
361.662404 1
362.126803 1
362.579592 1
363.043991 1
363.508390 1
363.972789 1
364.425578 1
364.889977 1
365.354376 1
365.818776 1
366.271565 1
366.735964 1
367.200363 1
367.664762 1
368.129161 1
368.581950 1
369.046349 1
369.510748 1
369.975147 1
370.427937 1
370.892336 1
371.356735 1
371.809524 1
372.273923 1
372.738322 1
373.202721 1
373.655510 1
374.119909 1
374.584308 1
375.048707 1
375.513107 1
376.047166 1
376.558005 1
377.115283 1
377.579683 1
378.044082 1
378.508481 1
378.972880 1
379.425669 1
379.890068 1
380.354467 1
380.807256 1
381.271655 1
381.736054 1
382.200454 1
382.664853 1
383.129252 1
383.582041 1
384.046440 1
384.510839 1
384.963628 1
385.428027 1
385.892426 1
386.356825 1
386.809615 1
387.274014 1
387.738413 1
388.191202 1
388.655601 1
389.120000 1
389.584399 1
390.048798 1
390.501587 1
390.965986 1
391.430385 1
391.883175 1
392.347574 1
392.811973 1
393.276372 1
393.740771 1
394.193560 1
394.657959 1
395.122358 1
395.586757 1
396.039546 1
396.503946 1
396.968345 1
397.432744 1
397.897143 1
398.349932 1
398.814331 1
399.278730 1
399.743129 1
400.195918 1
400.660317 1
401.124717 1
401.577506 1
402.041905 1
402.506304 1
402.970703 1
403.423492 1
403.887891 1
404.352290 1
404.816689 1
405.269478 1
405.733878 1
406.198277 1
406.662676 1
407.127075 1
407.579864 1
408.044263 1
408.508662 1
408.973061 1
409.425850 1
409.890249 1
410.354649 1
410.819048 1
411.283447 1
411.736236 1
412.200635 1
412.665034 1
413.129433 1
413.582222 1
414.046621 1
414.511020 1
414.963810 1
415.428209 1
415.892608 1
416.345397 1
416.809796 1
417.274195 1
417.738594 1
418.191383 1
418.655782 1
419.120181 1
419.584580 1
420.037370 1
420.501769 1
420.966168 1
421.430567 1
421.883356 1
422.347755 1
422.812154 1
423.276553 1
423.729342 1
424.193741 1
424.658141 1
425.122540 1
425.575329 1
426.039728 1
426.504127 1
426.968526 1
427.432925 1
427.897324 1
428.350113 1
428.814512 1
429.278912 1
429.731701 1
430.196100 1
430.660499 1
431.113288 1
431.577687 1
432.042086 1
432.506485 1
432.970884 1
433.423673 1
433.888073 1
434.352472 1
434.816871 1
435.281270 1
435.734059 1
436.198458 1
436.651247 1
437.115646 1
437.580045 1
438.044444 1
438.497234 1
438.961633 1
439.426032 1
439.890431 1
440.343220 1
440.807619 1
441.272018 1
441.736417 1
442.200816 1
442.665215 1
443.118005 1
443.594014 1
444.162902 1
444.731791 1
445.196190 1
445.660590 1
446.124989 1
446.577778 1
447.042177 1
447.506576 1
447.970975 1
448.423764 1
448.888163 1
449.352562 1
449.816961 1
450.269751 1
450.734150 1
451.198549 1
451.662948 1
452.115737 1
452.580136 1
453.044535 1
453.508934 1
453.961723 1
454.426122 1
454.890522 1
455.354921 1
455.819320 1
456.283719 1
456.736508 1
457.200907 1
457.653696 1
458.118095 1
458.582494 1
459.046893 1
459.499683 1
459.964082 1
460.428481 1
460.892880 1
461.345669 1
461.810068 1
462.274467 1
462.738866 1
463.191655 1
463.656054 1
464.120454 1
464.584853 1
465.037642 1
465.502041 1
465.966440 1
466.430839 1
466.883628 1
467.348027 1
467.812426 1
468.276825 1
468.729615 1
469.194014 1
469.658413 1
470.122812 1
470.587211 1
471.051610 1
471.504399 1
471.968798 1
472.421587 1
