2.720000 1
3.230000 1
3.700000 1
4.180000 1
4.670000 1
5.130000 1
5.580000 1
6.050000 1
6.510000 1
6.980000 1
7.440000 1
7.900000 1
8.370000 1
8.830000 1
9.300000 1
9.770000 1
10.230000 1
10.700000 1
11.160000 1
11.630000 1
12.090000 1
12.560000 1
13.020000 1
13.490000 1
13.950000 1
14.420000 1
14.880000 1
15.350000 1
15.810000 1
16.270000 1
16.740000 1
17.210000 1
17.670000 1
18.140000 1
18.580000 1
19.070000 1
19.540000 1
19.990000 1
20.460000 1
20.930000 1
21.390000 1
21.860000 1
22.320000 1
22.790000 1
23.250000 1
23.720000 1
24.180000 1
24.650000 1
25.120000 1
25.580000 1
26.040000 1
26.510000 1
26.970000 1
27.440000 1
27.910000 1
28.370000 1
28.840000 1
29.300000 1
29.760000 1
30.230000 1
30.690000 1
31.160000 1
31.630000 1
32.090000 1
32.560000 1
33.020000 1
33.490000 1
33.950000 1
34.420000 1
34.880000 1
35.350000 1
35.810000 1
36.280000 1
36.740000 1
37.210000 1
37.670000 1
38.140000 1
38.600000 1
39.070000 1
39.530000 1
40.000000 1
40.460000 1
40.930000 1
41.390000 1
41.860000 1
42.320000 1
42.790000 1
43.250000 1
43.710000 1
44.180000 1
44.640000 1
45.110000 1
45.570000 1
46.040000 1
46.500000 1
46.970000 1
47.430000 1
47.900000 1
48.370000 1
48.830000 1
49.290000 1
49.760000 1
50.230000 1
50.690000 1
51.150000 1
51.620000 1
52.110000 1
52.580000 1
53.040000 1
53.510000 1
53.950000 1
54.410000 1
54.880000 1
55.340000 1
55.810000 1
56.270000 1
56.740000 1
57.200000 1
57.670000 1
58.130000 1
58.600000 1
59.060000 1
59.520000 1
59.980000 1
60.440000 1
60.910000 1
61.370000 1
61.830000 1
62.260000 1
62.670000 1
63.070000 1
63.480000 1
63.970000 1
64.450000 1
64.920000 1
65.390000 1
65.870000 1
66.360000 1
66.830000 1
67.330000 1
67.810000 1
68.260000 1
68.730000 1
69.230000 1
69.700000 1
70.170000 1
70.660000 1
71.140000 1
71.620000 1
72.090000 1
72.590000 1
73.050000 1
73.500000 1
73.980000 1
74.420000 1
74.900000 1
75.340000 1
75.800000 1
76.280000 1
76.730000 1
77.190000 1
77.640000 1
78.120000 1
78.580000 1
79.040000 1
79.480000 1
79.970000 1
80.420000 1
80.900000 1
81.380000 1
81.840000 1
82.320000 1
82.790000 1
83.240000 1
83.720000 1
84.180000 1
84.620000 1
85.080000 1
85.560000 1
86.020000 1
86.490000 1
86.950000 1
87.410000 1
87.890000 1
88.370000 1
88.830000 1
89.300000 1
89.770000 1
90.240000 1
90.690000 1
91.150000 1
91.620000 1
92.070000 1
92.540000 1
93.010000 1
93.470000 1
93.950000 1
94.400000 1
94.880000 1
95.350000 1
95.810000 1
96.280000 1
96.740000 1
97.210000 1
97.670000 1
98.140000 1
98.600000 1
99.070000 1
99.530000 1
100.000000 1
100.460000 1
100.930000 1
101.390000 1
101.860000 1
102.320000 1
102.790000 1
103.250000 1
103.720000 1
104.180000 1
104.650000 1
105.110000 1
105.580000 1
106.040000 1
106.510000 1
106.970000 1
107.440000 1
107.900000 1
108.370000 1
108.840000 1
109.300000 1
109.760000 1
110.230000 1
110.700000 1
111.160000 1
111.620000 1
112.090000 1
112.560000 1
113.020000 1
113.480000 1
113.950000 1
114.420000 1
114.880000 1
115.350000 1
115.810000 1
116.280000 1
116.740000 1
117.210000 1
117.670000 1
118.140000 1
118.600000 1
119.070000 1
119.530000 1
120.000000 1
120.460000 1
120.930000 1
121.390000 1
121.860000 1
122.320000 1
122.790000 1
123.250000 1
123.720000 1
124.180000 1
124.650000 1
125.120000 1
125.580000 1
126.040000 1
126.510000 1
126.970000 1
127.440000 1
127.900000 1
128.370000 1
128.840000 1
129.300000 1
129.770000 1
130.230000 1
130.700000 1
131.160000 1
131.630000 1
132.090000 1
132.560000 1
133.020000 1
133.490000 1
133.950000 1
134.420000 1
134.880000 1
135.350000 1
135.810000 1
136.280000 1
136.740000 1
137.210000 1
137.670000 1
138.140000 1
138.600000 1
139.070000 1
139.530000 1
140.000000 1
140.460000 1
140.930000 1
141.390000 1
141.860000 1
142.320000 1
142.790000 1
143.250000 1
143.720000 1
144.190000 1
144.650000 1
145.110000 1
145.580000 1
146.050000 1
146.510000 1
146.980000 1
147.440000 1
147.900000 1
148.370000 1
148.840000 1
149.300000 1
149.770000 1
150.230000 1
150.690000 1
151.160000 1
151.620000 1
152.090000 1
152.550000 1
153.020000 1
153.480000 1
153.950000 1
154.410000 1
154.880000 1
155.340000 1
155.810000 1
156.270000 1
156.740000 1
157.200000 1
157.670000 1
158.130000 1
158.600000 1
159.060000 1
159.530000 1
159.990000 1
160.460000 1
160.920000 1
161.390000 1
161.850000 1
162.320000 1
162.780000 1
163.250000 1
163.710000 1
164.180000 1
164.640000 1
165.110000 1
165.570000 1
