0.580000 1
1.240000 1
1.840000 1
2.500000 1
3.130000 1
3.740000 1
4.360000 1
4.990000 1
5.620000 1
6.250000 1
6.880000 1
7.530000 1
8.160000 1
8.750000 1
9.340000 1
9.940000 1
10.490000 1
10.950000 1
11.400000 1
11.840000 1
12.300000 1
12.740000 1
13.180000 1
13.610000 1
14.070000 1
14.490000 1
14.920000 1
15.350000 1
15.790000 1
16.230000 1
16.660000 1
17.100000 1
17.530000 1
17.960000 1
18.400000 1
18.830000 1
19.270000 1
19.700000 1
20.140000 1
20.570000 1
21.000000 1
21.440000 1
21.880000 1
22.310000 1
22.750000 1
23.180000 1
23.620000 1
24.050000 1
24.490000 1
24.940000 1
25.360000 1
25.780000 1
26.230000 1
26.640000 1
27.070000 1
27.530000 1
27.970000 1
28.400000 1
28.840000 1
29.270000 1
29.710000 1
30.140000 1
30.580000 1
31.010000 1
31.440000 1
31.880000 1
32.310000 1
32.750000 1
33.180000 1
33.620000 1
34.050000 1
34.490000 1
34.920000 1
35.360000 1
35.800000 1
36.230000 1
36.660000 1
37.100000 1
37.530000 1
37.970000 1
38.400000 1
38.840000 1
39.270000 1
39.700000 1
40.140000 1
40.580000 1
41.010000 1
41.440000 1
41.880000 1
42.320000 1
42.750000 1
43.180000 1
43.620000 1
44.050000 1
44.490000 1
44.920000 1
45.360000 1
45.790000 1
46.230000 1
46.660000 1
47.100000 1
47.530000 1
47.970000 1
48.400000 1
48.840000 1
49.270000 1
49.710000 1
50.140000 1
50.580000 1
51.010000 1
51.450000 1
51.880000 1
52.320000 1
52.750000 1
53.180000 1
53.620000 1
54.060000 1
54.490000 1
54.920000 1
55.360000 1
55.790000 1
56.230000 1
56.660000 1
57.090000 1
57.530000 1
57.970000 1
58.400000 1
58.830000 1
59.270000 1
59.700000 1
60.140000 1
60.570000 1
61.010000 1
61.440000 1
61.880000 1
62.310000 1
62.750000 1
63.180000 1
63.620000 1
64.050000 1
64.490000 1
64.920000 1
65.360000 1
65.790000 1
66.230000 1
66.660000 1
67.100000 1
67.540000 1
67.970000 1
68.410000 1
68.840000 1
69.260000 1
69.710000 1
70.150000 1
70.590000 1
71.000000 1
71.450000 1
71.880000 1
72.310000 1
72.730000 1
73.190000 1
73.620000 1
74.070000 1
74.490000 1
74.930000 1
75.380000 1
75.810000 1
76.240000 1
76.690000 1
77.120000 1
77.530000 1
77.960000 1
78.400000 1
78.850000 1
79.280000 1
79.710000 1
80.150000 1
80.590000 1
81.010000 1
81.430000 1
81.880000 1
82.310000 1
82.750000 1
83.180000 1
83.620000 1
84.060000 1
84.500000 1
84.920000 1
85.350000 1
85.790000 1
86.230000 1
86.640000 1
87.070000 1
87.520000 1
87.950000 1
88.370000 1
88.830000 1
89.270000 1
89.710000 1
90.130000 1
90.590000 1
91.010000 1
91.440000 1
91.880000 1
92.310000 1
92.750000 1
93.180000 1
93.620000 1
94.050000 1
94.490000 1
94.920000 1
95.360000 1
95.790000 1
96.230000 1
96.660000 1
97.100000 1
97.530000 1
97.970000 1
98.400000 1
98.840000 1
99.270000 1
99.710000 1
100.140000 1
100.580000 1
101.010000 1
101.450000 1
101.880000 1
102.310000 1
102.750000 1
103.180000 1
103.620000 1
104.050000 1
104.490000 1
104.920000 1
105.360000 1
105.790000 1
106.230000 1
106.660000 1
107.100000 1
107.530000 1
107.970000 1
108.400000 1
108.840000 1
109.270000 1
109.710000 1
110.140000 1
110.580000 1
111.010000 1
111.450000 1
111.880000 1
112.320000 1
112.750000 1
113.190000 1
113.620000 1
114.050000 1
114.490000 1
114.930000 1
115.360000 1
115.790000 1
116.230000 1
116.660000 1
117.100000 1
117.530000 1
117.960000 1
118.410000 1
118.840000 1
119.280000 1
119.700000 1
120.140000 1
120.570000 1
121.000000 1
121.430000 1
121.880000 1
122.310000 1
122.760000 1
123.180000 1
123.620000 1
124.080000 1
124.500000 1
124.930000 1
125.380000 1
125.810000 1
126.230000 1
126.660000 1
127.100000 1
127.540000 1
127.980000 1
128.400000 1
128.840000 1
129.280000 1
129.700000 1
130.130000 1
130.570000 1
130.980000 1
131.410000 1
131.860000 1
132.280000 1
