0.070000 1
0.550000 1
1.030000 1
1.510000 1
1.990000 1
2.470000 1
2.950000 1
3.430000 1
3.910000 1
4.390000 1
4.870000 1
5.350000 1
5.830000 1
6.310000 1
6.790000 1
7.270000 1
7.750000 1
8.230000 1
8.710000 1
9.190000 1
9.670000 1
10.150000 1
10.630000 1
11.110000 1
11.590000 1
12.070000 1
12.550000 1
13.030000 1
13.510000 1
13.990000 1
14.470000 1
14.950000 1
15.430000 1
15.910000 1
16.390000 1
16.870000 1
17.350000 1
17.830000 1
18.310000 1
18.790000 1
19.270000 1
19.750000 1
20.230000 1
20.710000 1
21.190000 1
21.670000 1
22.150000 1
22.630000 1
23.110000 1
23.590000 1
24.070000 1
24.550000 1
25.030000 1
25.510000 1
25.990000 1
26.470000 1
26.950000 1
27.430000 1
27.910000 1
28.390000 1
28.870000 1
29.350000 1
29.830000 1
30.310000 1
30.790000 1
31.270000 1
31.750000 1
32.230000 1
32.710000 1
33.190000 1
33.670000 1
34.150000 1
34.630000 1
35.110000 1
35.590000 1
36.070000 1
36.550000 1
37.030000 1
37.510000 1
37.990000 1
38.470000 1
38.950000 1
39.430000 1
39.910000 1
40.390000 1
40.870000 1
41.350000 1
41.830000 1
42.310000 1
42.790000 1
43.270000 1
43.750000 1
44.230000 1
44.710000 1
45.190000 1
45.670000 1
46.150000 1
46.630000 1
47.110000 1
47.590000 1
48.070000 1
48.550000 1
49.030000 1
49.510000 1
49.990000 1
50.470000 1
50.950000 1
51.430000 1
51.910000 1
52.390000 1
52.870000 1
53.350000 1
53.830000 1
54.310000 1
54.790000 1
55.270000 1
55.750000 1
56.230000 1
56.710000 1
57.190000 1
57.670000 1
58.150000 1
58.630000 1
59.110000 1
59.590000 1
60.070000 1
60.550000 1
61.030000 1
61.510000 1
61.990000 1
62.470000 1
62.950000 1
63.430000 1
63.910000 1
64.390000 1
64.870000 1
65.350000 1
65.830000 1
66.310000 1
66.790000 1
67.270000 1
67.750000 1
68.230000 1
68.710000 1
69.190000 1
69.670000 1
70.150000 1
70.630000 1
71.110000 1
71.590000 1
72.070000 1
72.550000 1
73.030000 1
73.510000 1
73.990000 1
74.470000 1
74.950000 1
75.430000 1
75.910000 1
76.390000 1
76.870000 1
77.350000 1
77.830000 1
78.310000 1
78.790000 1
79.270000 1
79.750000 1
80.230000 1
80.710000 1
81.190000 1
81.670000 1
82.150000 1
82.630000 1
83.110000 1
83.590000 1
84.070000 1
84.550000 1
85.030000 1
85.510000 1
85.990000 1
86.470000 1
86.950000 1
87.430000 1
87.910000 1
88.390000 1
88.870000 1
89.350000 1
89.830000 1
90.310000 1
90.790000 1
91.270000 1
91.750000 1
92.220000 1
92.690000 1
93.190000 1
93.660000 1
94.140000 1
94.610000 1
95.090000 1
95.570000 1
96.060000 1
96.540000 1
97.020000 1
97.500000 1
97.980000 1
98.460000 1
98.940000 1
99.420000 1
99.910000 1
100.370000 1
100.850000 1
101.350000 1
101.830000 1
102.310000 1
102.790000 1
103.270000 1
103.740000 1
104.220000 1
104.700000 1
105.180000 1
105.670000 1
106.140000 1
106.630000 1
107.110000 1
107.590000 1
108.190000 1
108.790000 1
109.360000 1
109.940000 1
110.480000 1
111.070000 1
111.550000 1
112.030000 1
112.510000 1
112.990000 1
113.470000 1
113.950000 1
114.430000 1
114.910000 1
115.390000 1
115.870000 1
116.340000 1
116.830000 1
117.310000 1
117.800000 1
118.260000 1
118.750000 1
119.230000 1
119.710000 1
120.190000 1
120.670000 1
121.150000 1
121.630000 1
122.110000 1
122.590000 1
123.060000 1
123.550000 1
124.030000 1
124.510000 1
125.000000 1
125.470000 1
125.960000 1
126.440000 1
126.910000 1
127.390000 1
127.870000 1
128.350000 1
128.820000 1
129.310000 1
129.790000 1
130.270000 1
130.750000 1
131.230000 1
131.710000 1
132.190000 1
132.670000 1
133.150000 1
133.630000 1
134.110000 1
134.590000 1
135.080000 1
135.550000 1
136.030000 1
136.510000 1
136.990000 1
137.470000 1
137.950000 1
138.430000 1
138.910000 1
139.390000 1
139.870000 1
140.350000 1
140.830000 1
141.310000 1
141.790000 1
142.270000 1
142.750000 1
143.230000 1
143.710000 1
144.190000 1
144.670000 1
145.150000 1
145.630000 1
146.110000 1
146.590000 1
147.070000 1
147.550000 1
148.030000 1
148.510000 1
148.990000 1
149.470000 1
149.950000 1
150.430000 1
150.910000 1
151.390000 1
151.870000 1
152.350000 1
152.830000 1
153.310000 1
153.800000 1
154.270000 1
154.730000 1
155.210000 1
155.690000 1
156.140000 1
156.560000 1
157.000000 1
157.410000 1
157.850000 1
158.280000 1
158.700000 1
159.130000 1
159.580000 1
160.010000 1
160.460000 1
160.910000 1
161.340000 1
161.780000 1
162.280000 1
162.760000 1
163.270000 1
163.750000 1
164.230000 1
164.710000 1
165.190000 1
165.670000 1
166.150000 1
166.630000 1
167.110000 1
167.590000 1
168.070000 1
168.550000 1
169.030000 1
169.510000 1
169.990000 1
170.470000 1
170.950000 1
171.430000 1
171.910000 1
172.390000 1
172.870000 1
173.350000 1
173.830000 1
174.310000 1
174.790000 1
175.270000 1
175.750000 1
176.230000 1
176.710000 1
177.190000 1
177.670000 1
178.150000 1
178.630000 1
179.110000 1
179.590000 1
180.070000 1
180.550000 1
181.030000 1
181.510000 1
181.990000 1
182.470000 1
182.950000 1
183.430000 1
183.910000 1
184.390000 1
184.870000 1
185.350000 1
185.830000 1
186.310000 1
186.790000 1
187.270000 1
187.750000 1
188.230000 1
188.710000 1
189.190000 1
189.670000 1
190.150000 1
190.630000 1
191.110000 1
191.590000 1
192.070000 1
192.550000 1
193.030000 1
193.510000 1
193.990000 1
194.470000 1
194.950000 1
195.430000 1
195.910000 1
196.390000 1
196.870000 1
197.350000 1
197.830000 1
198.310000 1
198.790000 1
199.270000 1
199.750000 1
200.230000 1
200.710000 1
201.190000 1
201.670000 1
202.150000 1
202.630000 1
203.110000 1
203.590000 1
204.070000 1
204.550000 1
205.030000 1
205.510000 1
205.990000 1
206.470000 1
206.950000 1
207.430000 1
207.910000 1
208.390000 1
208.870000 1
209.350000 1
209.830000 1
210.310000 1
210.790000 1
211.270000 1
211.750000 1
212.230000 1
212.710000 1
213.190000 1
213.670000 1
214.150000 1
214.630000 1
215.110000 1
215.590000 1
216.070000 1
216.550000 1
217.030000 1
217.510000 1
217.990000 1
218.470000 1
218.950000 1
219.430000 1
219.910000 1
220.390000 1
220.870000 1
221.350000 1
221.830000 1
222.310000 1
222.790000 1
223.270000 1
223.750000 1
224.230000 1
224.720000 1
225.200000 1
225.670000 1
226.160000 1
226.640000 1
227.120000 1
227.590000 1
228.080000 1
228.550000 1
229.030000 1
229.510000 1
229.990000 1
230.470000 1
230.950000 1
231.430000 1
231.910000 1
232.400000 1
232.880000 1
233.360000 1
233.840000 1
234.310000 1
234.800000 1
235.270000 1
235.760000 1
236.230000 1
236.710000 1
237.190000 1
237.670000 1
238.150000 1
238.630000 1
239.110000 1
239.590000 1
240.070000 1
240.550000 1
241.030000 1
241.510000 1
241.990000 1
242.470000 1
242.950000 1
243.430000 1
243.910000 1
244.390000 1
244.870000 1
245.350000 1
245.830000 1
246.310000 1
246.790000 1
247.270000 1
247.750000 1
248.230000 1
248.710000 1
249.190000 1
249.670000 1
250.150000 1
250.630000 1
251.110000 1
251.590000 1
252.070000 1
252.550000 1
253.030000 1
253.510000 1
253.990000 1
254.470000 1
254.950000 1
255.430000 1
255.910000 1
256.390000 1
256.870000 1
257.350000 1
257.830000 1
258.310000 1
258.790000 1
259.270000 1
259.750000 1
260.230000 1
260.710000 1
261.190000 1
261.670000 1
262.150000 1
262.630000 1
263.110000 1
263.590000 1
264.070000 1
264.550000 1
265.030000 1
265.510000 1
265.990000 1
266.470000 1
266.950000 1
267.430000 1
267.910000 1
268.390000 1
268.870000 1
269.350000 1
269.830000 1
270.310000 1
270.790000 1
271.270000 1
271.750000 1
272.230000 1
272.710000 1
273.190000 1
273.670000 1
274.150000 1
274.630000 1
275.110000 1
275.590000 1
276.070000 1
276.550000 1
277.030000 1
277.510000 1
277.990000 1
278.470000 1
278.950000 1
279.430000 1
279.910000 1
280.390000 1
280.870000 1
281.350000 1
281.830000 1
282.310000 1
282.790000 1
283.270000 1
283.750000 1
284.230000 1
284.710000 1
285.190000 1
285.670000 1
286.150000 1
286.630000 1
287.110000 1
287.590000 1
288.070000 1
288.550000 1
289.030000 1
289.510000 1
289.990000 1
290.470000 1
290.950000 1
291.430000 1
291.910000 1
292.390000 1
292.870000 1
293.350000 1
293.830000 1
294.310000 1
294.790000 1
295.270000 1
295.750000 1
296.230000 1
296.710000 1
297.190000 1
297.670000 1
298.150000 1
298.630000 1
299.110000 1
299.590000 1
300.070000 1
300.550000 1
301.030000 1
301.510000 1
301.990000 1
302.470000 1
302.950000 1
303.430000 1
303.910000 1
304.390000 1
304.870000 1
305.350000 1
305.830000 1
306.310000 1
306.790000 1
307.270000 1
307.750000 1
308.230000 1
308.710000 1
309.190000 1
309.670000 1
310.150000 1
310.630000 1
311.110000 1
311.590000 1
312.070000 1
312.550000 1
313.030000 1
313.510000 1
313.990000 1
314.470000 1
314.950000 1
315.430000 1
315.910000 1
316.390000 1
316.860000 1
317.330000 1
317.820000 1
318.300000 1
