0.030000 1
0.450000 1
0.880000 1
1.310000 1
1.740000 1
2.170000 1
2.600000 1
3.020000 1
3.450000 1
3.890000 1
4.310000 1
4.740000 1
5.170000 1
5.600000 1
6.030000 1
6.450000 1
6.880000 1
7.310000 1
7.740000 1
8.170000 1
8.600000 1
9.030000 1
9.450000 1
9.880000 1
10.310000 1
10.740000 1
11.170000 1
11.600000 1
12.030000 1
12.450000 1
12.880000 1
13.300000 1
13.740000 1
14.170000 1
14.600000 1
15.030000 1
15.460000 1
15.890000 1
16.320000 1
16.740000 1
17.170000 1
17.600000 1
18.030000 1
18.460000 1
18.890000 1
19.320000 1
19.740000 1
20.170000 1
20.600000 1
21.030000 1
21.460000 1
21.890000 1
22.320000 1
22.740000 1
23.170000 1
23.600000 1
24.030000 1
24.460000 1
24.890000 1
25.320000 1
25.740000 1
26.170000 1
26.600000 1
27.030000 1
27.460000 1
27.890000 1
28.320000 1
28.750000 1
29.170000 1
29.600000 1
30.030000 1
30.460000 1
30.890000 1
31.320000 1
31.750000 1
32.170000 1
32.600000 1
33.030000 1
33.460000 1
33.890000 1
34.320000 1
34.740000 1
35.170000 1
35.600000 1
36.030000 1
36.460000 1
36.890000 1
37.320000 1
37.740000 1
38.170000 1
38.600000 1
39.030000 1
39.460000 1
39.900000 1
40.330000 1
40.760000 1
41.170000 1
41.600000 1
42.030000 1
42.460000 1
42.890000 1
43.320000 1
43.750000 1
44.170000 1
44.600000 1
45.030000 1
45.460000 1
45.890000 1
46.320000 1
46.750000 1
47.180000 1
47.600000 1
48.030000 1
48.460000 1
48.890000 1
49.320000 1
49.750000 1
50.170000 1
50.600000 1
51.030000 1
51.460000 1
51.890000 1
52.320000 1
52.750000 1
53.180000 1
53.600000 1
54.030000 1
54.460000 1
54.880000 1
55.240000 1
55.600000 1
55.970000 1
56.390000 1
56.820000 1
57.240000 1
57.660000 1
58.080000 1
58.480000 1
58.880000 1
59.280000 1
59.680000 1
60.070000 1
60.450000 1
60.840000 1
61.220000 1
61.600000 1
61.970000 1
62.340000 1
62.710000 1
63.080000 1
63.450000 1
63.800000 1
64.160000 1
64.510000 1
64.870000 1
65.210000 1
65.570000 1
65.910000 1
66.260000 1
66.610000 1
66.950000 1
67.290000 1
67.620000 1
67.970000 1
68.300000 1
68.610000 1
68.950000 1
69.290000 1
69.650000 1
70.010000 1
70.340000 1
70.670000 1
71.000000 1
71.340000 1
71.670000 1
72.000000 1
72.340000 1
72.670000 1
73.000000 1
73.340000 1
73.670000 1
74.000000 1
74.340000 1
74.670000 1
75.010000 1
75.340000 1
75.680000 1
76.020000 1
76.360000 1
76.710000 1
77.060000 1
77.430000 1
77.790000 1
78.170000 1
78.540000 1
78.920000 1
79.320000 1
79.710000 1
80.100000 1
80.460000 1
80.840000 1
81.200000 1
81.580000 1
81.940000 1
82.320000 1
82.740000 1
83.180000 1
83.600000 1
84.030000 1
84.470000 1
84.900000 1
85.320000 1
85.740000 1
86.170000 1
86.600000 1
87.030000 1
87.460000 1
87.890000 1
88.320000 1
88.750000 1
89.170000 1
89.600000 1
90.030000 1
90.460000 1
90.890000 1
91.310000 1
91.750000 1
92.170000 1
92.600000 1
93.030000 1
93.460000 1
93.890000 1
94.320000 1
94.740000 1
95.170000 1
95.600000 1
96.030000 1
96.460000 1
96.890000 1
97.310000 1
97.740000 1
98.170000 1
98.610000 1
99.040000 1
99.450000 1
99.890000 1
100.320000 1
100.740000 1
101.170000 1
101.600000 1
102.030000 1
102.460000 1
102.890000 1
103.320000 1
103.750000 1
104.170000 1
104.600000 1
105.030000 1
105.460000 1
105.890000 1
106.320000 1
106.740000 1
107.180000 1
107.600000 1
108.030000 1
108.460000 1
108.890000 1
109.320000 1
109.750000 1
110.170000 1
110.600000 1
111.030000 1
111.460000 1
111.880000 1
112.320000 1
112.740000 1
113.170000 1
113.600000 1
114.030000 1
114.460000 1
114.890000 1
115.320000 1
115.750000 1
116.170000 1
116.600000 1
117.030000 1
117.460000 1
117.890000 1
118.310000 1
118.740000 1
119.180000 1
119.600000 1
120.030000 1
120.460000 1
120.890000 1
121.320000 1
121.750000 1
122.170000 1
122.600000 1
123.030000 1
123.460000 1
123.890000 1
124.320000 1
124.740000 1
125.170000 1
125.600000 1
126.030000 1
126.460000 1
126.890000 1
127.320000 1
127.750000 1
128.170000 1
128.600000 1
129.030000 1
129.460000 1
129.890000 1
130.310000 1
130.740000 1
131.170000 1
131.600000 1
132.030000 1
132.460000 1
132.890000 1
133.320000 1
133.740000 1
134.170000 1
134.600000 1
135.030000 1
135.450000 1
135.880000 1
136.310000 1
136.740000 1
137.170000 1
137.600000 1
138.030000 1
138.450000 1
138.880000 1
139.310000 1
139.740000 1
140.170000 1
140.590000 1
141.020000 1
141.460000 1
141.880000 1
