0.880000 1
1.860000 1
2.810000 1
3.750000 1
4.660000 1
5.640000 1
6.580000 1
7.530000 1
8.460000 1
9.360000 1
10.330000 1
11.310000 1
12.270000 1
13.190000 1
14.160000 1
15.110000 1
16.000000 1
16.980000 1
17.930000 1
18.880000 1
19.800000 1
20.750000 1
21.700000 1
22.640000 1
23.560000 1
24.480000 1
25.450000 1
26.430000 1
27.400000 1
28.310000 1
29.280000 1
30.230000 1
31.110000 1
31.810000 1
32.520000 1
33.270000 1
33.950000 1
34.410000 1
34.890000 1
35.370000 1
35.840000 1
36.310000 1
36.790000 1
37.260000 1
37.730000 1
38.200000 1
38.670000 1
39.150000 1
39.620000 1
40.090000 1
40.570000 1
41.040000 1
41.510000 1
41.980000 1
42.460000 1
42.930000 1
43.400000 1
43.870000 1
44.350000 1
44.820000 1
45.290000 1
45.760000 1
46.230000 1
46.710000 1
47.180000 1
47.650000 1
48.130000 1
48.600000 1
49.070000 1
49.550000 1
50.010000 1
50.490000 1
50.960000 1
51.430000 1
51.910000 1
52.380000 1
52.850000 1
53.320000 1
53.790000 1
54.270000 1
54.740000 1
55.210000 1
55.690000 1
56.160000 1
56.630000 1
57.100000 1
57.570000 1
58.050000 1
58.520000 1
58.990000 1
59.460000 1
59.940000 1
60.410000 1
60.880000 1
61.350000 1
61.830000 1
62.300000 1
62.770000 1
63.240000 1
63.720000 1
64.190000 1
64.660000 1
65.130000 1
65.610000 1
66.080000 1
66.550000 1
67.020000 1
67.500000 1
67.960000 1
68.440000 1
68.910000 1
69.390000 1
69.860000 1
70.330000 1
70.800000 1
71.270000 1
71.750000 1
72.220000 1
72.690000 1
73.170000 1
73.630000 1
74.110000 1
74.580000 1
75.050000 1
75.530000 1
76.000000 1
76.470000 1
76.950000 1
77.420000 1
77.890000 1
78.360000 1
78.830000 1
79.300000 1
79.780000 1
80.250000 1
80.720000 1
81.200000 1
81.670000 1
82.140000 1
82.620000 1
83.080000 1
83.560000 1
84.030000 1
84.510000 1
84.970000 1
85.450000 1
85.920000 1
86.390000 1
86.870000 1
87.340000 1
87.810000 1
88.280000 1
88.750000 1
89.230000 1
89.700000 1
90.170000 1
90.640000 1
91.110000 1
91.590000 1
92.060000 1
92.540000 1
93.000000 1
93.490000 1
93.960000 1
94.430000 1
94.910000 1
95.410000 1
95.870000 1
96.370000 1
96.830000 1
97.310000 1
97.930000 1
98.550000 1
99.140000 1
99.740000 1
100.350000 1
100.990000 1
101.600000 1
102.190000 1
102.810000 1
103.570000 1
104.300000 1
105.160000 1
105.960000 1
106.840000 1
107.700000 1
108.650000 1
109.570000 1
110.550000 1
111.540000 1
112.430000 1
113.400000 1
114.310000 1
115.300000 1
116.220000 1
117.130000 1
118.100000 1
119.060000 1
119.990000 1
120.910000 1
121.900000 1
122.880000 1
123.750000 1
124.700000 1
125.610000 1
126.590000 1
127.540000 1
128.480000 1
129.400000 1
130.360000 1
131.300000 1
132.230000 1
133.170000 1
134.090000 1
134.810000 1
135.440000 1
136.080000 1
136.720000 1
137.330000 1
137.950000 1
138.580000 1
139.240000 1
139.730000 1
140.230000 1
140.730000 1
141.200000 1
141.680000 1
142.140000 1
142.620000 1
143.090000 1
143.570000 1
144.040000 1
144.500000 1
144.980000 1
145.460000 1
145.930000 1
146.400000 1
146.870000 1
147.340000 1
147.810000 1
148.290000 1
148.760000 1
149.230000 1
149.710000 1
150.180000 1
150.650000 1
151.120000 1
151.590000 1
152.070000 1
152.540000 1
153.010000 1
153.480000 1
153.970000 1
154.450000 1
154.910000 1
155.410000 1
155.870000 1
156.360000 1
156.820000 1
157.310000 1
157.770000 1
158.220000 1
158.680000 1
159.150000 1
159.620000 1
160.100000 1
160.570000 1
161.040000 1
161.510000 1
161.980000 1
162.460000 1
162.930000 1
163.400000 1
163.870000 1
164.350000 1
164.820000 1
165.290000 1
165.760000 1
166.240000 1
166.710000 1
167.180000 1
167.650000 1
168.120000 1
168.600000 1
169.070000 1
169.540000 1
170.010000 1
170.490000 1
170.960000 1
171.430000 1
171.900000 1
172.380000 1
172.850000 1
173.320000 1
173.800000 1
174.270000 1
174.740000 1
175.210000 1
175.680000 1
176.160000 1
176.630000 1
177.100000 1
177.570000 1
178.050000 1
178.520000 1
178.990000 1
179.460000 1
179.940000 1
180.410000 1
180.880000 1
181.350000 1
181.830000 1
182.300000 1
182.770000 1
183.240000 1
183.720000 1
184.190000 1
184.660000 1
185.130000 1
185.600000 1
186.080000 1
186.550000 1
187.020000 1
187.500000 1
187.970000 1
188.440000 1
188.910000 1
189.380000 1
189.860000 1
190.330000 1
190.800000 1
191.280000 1
191.750000 1
192.220000 1
192.690000 1
193.170000 1
193.630000 1
194.110000 1
194.580000 1
195.060000 1
195.530000 1
196.000000 1
196.470000 1
196.950000 1
197.420000 1
197.890000 1
198.360000 1
198.830000 1
199.310000 1
199.780000 1
200.250000 1
200.720000 1
201.200000 1
201.670000 1
202.140000 1
202.610000 1
203.080000 1
203.560000 1
204.030000 1
204.510000 1
204.980000 1
205.450000 1
205.920000 1
206.390000 1
206.870000 1
207.340000 1
207.810000 1
208.280000 1
208.750000 1
209.230000 1
209.700000 1
210.170000 1
210.650000 1
211.120000 1
211.590000 1
212.060000 1
212.530000 1
213.010000 1
213.480000 1
213.950000 1
214.430000 1
214.900000 1
215.370000 1
215.840000 1
216.310000 1
216.790000 1
217.260000 1
217.730000 1
218.200000 1
218.670000 1
219.150000 1
219.630000 1
220.090000 1
220.570000 1
221.040000 1
221.510000 1
221.980000 1
222.450000 1
222.930000 1
223.400000 1
223.870000 1
224.340000 1
224.820000 1
225.290000 1
225.760000 1
226.230000 1
226.710000 1
227.180000 1
227.650000 1
228.130000 1
228.600000 1
229.070000 1
229.540000 1
230.010000 1
230.490000 1
230.960000 1
231.430000 1
231.900000 1
232.380000 1
232.850000 1
233.320000 1
233.790000 1
234.260000 1
234.740000 1
