0.120000 1
0.610000 2
1.090000 3
1.580000 4
2.060000 1
2.540000 2
3.030000 3
3.510000 4
3.990000 1
4.480000 2
4.960000 3
5.450000 4
5.930000 1
6.410000 2
6.900000 3
7.380000 4
7.870000 1
8.350000 2
8.830000 3
9.320000 4
9.800000 1
10.290000 2
10.770000 3
11.250000 4
11.740000 1
12.220000 2
12.700000 3
13.190000 4
13.670000 1
14.160000 2
14.640000 3
15.120000 4
15.610000 1
16.090000 2
16.580000 3
17.060000 4
17.540000 1
18.030000 2
18.510000 3
18.990000 4
19.480000 1
19.960000 2
20.450000 3
20.930000 4
21.410000 1
21.900000 2
22.380000 3
22.870000 4
23.350000 1
23.830000 2
24.320000 3
24.800000 4
25.280000 1
25.770000 2
26.250000 3
26.740000 4
27.220000 1
27.700000 2
28.190000 3
28.670000 4
29.160000 1
29.640000 2
30.130000 3
30.610000 4
31.090000 1
31.580000 2
32.060000 3
32.540000 4
33.030000 1
33.510000 2
34.000000 3
34.480000 4
34.960000 1
35.450000 2
35.930000 3
36.410000 4
36.900000 1
37.380000 2
37.870000 3
38.350000 4
38.830000 1
39.320000 2
39.800000 3
40.290000 4
40.770000 1
41.250000 2
41.740000 3
42.220000 4
42.700000 1
43.190000 2
43.670000 3
44.160000 4
44.640000 1
45.120000 2
45.610000 3
46.090000 4
46.580000 1
47.060000 2
47.540000 3
48.030000 4
48.510000 1
48.990000 2
49.480000 3
49.960000 4
50.450000 1
50.930000 2
51.410000 3
51.900000 4
52.380000 1
52.870000 2
53.350000 3
53.830000 4
54.320000 1
54.800000 2
55.290000 3
55.770000 4
56.250000 1
56.740000 2
57.220000 3
57.700000 4
58.190000 1
58.670000 2
59.160000 3
59.640000 4
60.120000 1
60.610000 2
61.090000 3
61.570000 4
62.060000 1
62.540000 2
63.030000 3
63.510000 4
64.000000 1
64.480000 2
64.960000 3
65.450000 4
65.930000 1
66.410000 2
66.900000 3
67.380000 4
67.870000 1
68.350000 2
68.830000 3
69.320000 4
69.800000 1
70.290000 2
70.770000 3
71.250000 4
71.740000 1
72.220000 2
72.700000 3
73.190000 4
73.670000 1
74.160000 2
74.640000 3
75.120000 4
75.610000 1
76.090000 2
76.580000 3
77.060000 4
77.540000 1
78.030000 2
78.510000 3
79.000000 4
79.480000 1
79.960000 2
80.450000 3
80.930000 4
81.410000 1
81.900000 2
82.380000 3
82.870000 4
83.350000 1
83.830000 2
84.320000 3
84.800000 4
85.280000 1
85.770000 2
86.250000 3
86.740000 4
87.220000 1
87.700000 2
88.190000 3
88.670000 4
89.160000 1
89.640000 2
90.120000 3
90.610000 4
91.090000 1
91.580000 2
92.070000 3
92.560000 4
93.030000 1
93.510000 2
94.000000 3
94.480000 4
94.960000 1
95.450000 2
95.930000 3
96.420000 4
96.900000 1
97.380000 2
97.870000 3
98.350000 4
98.830000 1
99.320000 2
99.800000 3
100.290000 4
100.770000 1
101.250000 2
101.740000 3
102.220000 4
102.700000 1
103.190000 2
103.670000 3
104.160000 4
104.640000 1
105.120000 2
105.610000 3
106.090000 4
106.580000 1
107.060000 2
107.540000 3
108.030000 4
108.510000 1
109.000000 2
109.480000 3
109.960000 4
110.450000 1
110.930000 2
111.410000 3
111.900000 4
112.380000 1
112.870000 2
113.350000 3
113.830000 4
114.320000 1
114.800000 2
115.290000 3
115.770000 4
116.250000 1
116.740000 2
117.220000 3
117.710000 4
118.190000 1
118.670000 2
119.160000 3
119.640000 4
120.120000 1
120.610000 2
121.090000 3
121.580000 4
122.060000 1
122.550000 2
123.030000 3
123.510000 4
124.000000 1
124.480000 2
124.960000 3
125.450000 4
125.930000 1
126.420000 2
126.900000 3
127.380000 4
127.870000 1
128.350000 2
128.830000 3
129.320000 4
129.800000 1
130.290000 2
130.770000 3
131.250000 4
131.740000 1
132.220000 2
132.700000 3
133.190000 4
133.670000 1
134.160000 2
134.640000 3
135.120000 4
135.610000 1
136.090000 2
136.580000 3
137.060000 4
137.540000 1
138.030000 2
138.510000 3
139.000000 4
139.480000 1
139.970000 2
140.450000 3
140.930000 4
141.420000 1
141.780000 2
142.140000 3
142.630000 4
143.110000 1
143.600000 2
144.080000 3
144.560000 4
145.050000 1
145.530000 2
146.010000 3
146.500000 4
146.980000 1
147.470000 2
147.950000 3
148.430000 4
148.920000 1
149.400000 2
149.890000 3
150.370000 4
150.850000 1
151.340000 2
151.820000 3
152.300000 4
152.790000 1
153.270000 2
153.760000 3
154.240000 4
154.730000 1
155.210000 2
155.690000 3
156.180000 4
156.660000 1
157.140000 2
157.630000 3
158.110000 4
158.590000 1
159.080000 2
159.560000 3
160.050000 4
160.530000 1
161.010000 2
161.500000 3
161.980000 4
162.470000 1
162.950000 2
163.430000 3
163.920000 4
164.400000 1
164.880000 2
165.370000 3
165.850000 4
166.340000 1
166.820000 2
167.310000 3
167.790000 4
168.270000 1
168.760000 2
169.240000 3
169.720000 4
170.200000 1
170.690000 2
171.180000 3
171.660000 4
172.150000 1
172.640000 2
173.120000 3
173.600000 4
174.100000 1
174.560000 2
175.050000 3
175.540000 4
176.020000 1
176.500000 2
176.980000 3
177.470000 4
177.950000 1
178.430000 2
178.920000 3
179.400000 4
179.900000 1
180.370000 2
180.850000 3
181.340000 4
181.830000 1
182.300000 2
182.790000 3
183.260000 4
183.760000 1
184.240000 2
184.730000 3
185.210000 4
185.690000 1
186.180000 2
186.660000 3
187.140000 4
187.640000 1
188.110000 2
188.600000 3
189.070000 4
189.580000 1
190.050000 2
190.530000 3
191.020000 4
191.500000 1
191.980000 2
192.460000 3
192.950000 4
193.440000 1
193.920000 2
194.400000 3
194.890000 4
195.370000 1
195.860000 2
196.340000 3
196.830000 4
197.320000 1
197.790000 2
198.320000 3
198.880000 4
199.400000 1
199.960000 2
200.450000 3
200.920000 4
201.430000 1
201.900000 2
202.380000 3
202.870000 4
203.350000 1
203.840000 2
204.320000 3
204.800000 4
205.290000 1
205.770000 2
206.250000 3
206.740000 4
207.220000 1
207.710000 2
208.190000 3
208.670000 4
209.170000 1
209.640000 2
210.120000 3
210.610000 4
211.100000 1
211.580000 2
212.060000 3
212.550000 4
213.040000 1
213.510000 2
214.000000 3
214.480000 4
214.970000 1
215.450000 2
215.930000 3
216.420000 4
216.900000 1
217.390000 2
217.870000 3
218.350000 4
218.840000 1
219.320000 2
219.810000 3
220.290000 4
220.780000 1
221.260000 2
221.740000 3
222.230000 4
222.710000 1
223.190000 2
223.680000 3
224.160000 4
224.650000 1
225.130000 2
225.610000 3
226.100000 4
226.580000 1
227.070000 2
227.550000 3
228.040000 4
228.520000 1
229.010000 2
229.490000 3
229.970000 4
230.460000 1
230.940000 2
231.420000 3
231.900000 4
232.390000 1
232.870000 2
233.350000 3
233.840000 4
234.320000 1
234.800000 2
235.290000 3
235.770000 4
236.250000 1
236.740000 2
237.220000 3
237.710000 4
238.190000 1
238.670000 2
239.160000 3
239.640000 4
240.120000 1
240.610000 2
241.090000 3
241.580000 4
242.060000 1
242.540000 2
243.030000 3
243.510000 4
244.000000 1
244.480000 2
244.960000 3
245.450000 4
245.930000 1
246.420000 2
246.900000 3
247.380000 4
247.870000 1
248.350000 2
248.840000 3
249.320000 4
249.800000 1
250.290000 2
250.770000 3
251.250000 4
251.740000 1
252.220000 2
252.710000 3
253.190000 4
253.670000 1
254.160000 2
254.640000 3
255.130000 4
255.610000 1
256.090000 2
256.580000 3
257.060000 4
257.540000 1
258.030000 2
258.520000 3
259.000000 4
259.480000 1
259.970000 2
260.450000 3
260.930000 4
261.420000 1
261.900000 2
262.390000 3
262.870000 4
263.350000 1
263.840000 2
264.320000 3
264.800000 4
265.290000 1
265.770000 2
266.250000 3
266.740000 4
267.220000 1
267.710000 2
268.190000 3
268.670000 4
269.160000 1
269.640000 2
270.120000 3
270.610000 4
271.090000 1
271.580000 2
272.060000 3
272.540000 4
273.030000 1
273.510000 2
274.000000 3
274.480000 4
274.960000 1
275.450000 2
275.930000 3
276.420000 4
276.900000 1
277.380000 2
277.870000 3
278.350000 4
278.830000 1
279.320000 2
279.800000 3
280.290000 4
280.770000 1
281.260000 2
281.740000 3
282.220000 4
282.710000 1
283.190000 2
283.670000 3
284.160000 4
284.640000 1
285.130000 2
285.610000 3
286.090000 4
286.580000 1
287.060000 2
287.540000 3
288.030000 4
288.510000 1
289.000000 2
289.480000 3
289.960000 4
290.450000 1
290.930000 2
291.420000 3
291.900000 4
292.380000 1
292.870000 2
293.350000 3
293.840000 4
294.330000 1
294.800000 2
295.260000 3
295.690000 4
296.140000 1
296.610000 2
297.060000 3
297.500000 4
297.970000 1
298.440000 2
298.890000 3
299.360000 4
299.800000 1
300.260000 2
300.730000 3
301.200000 4
301.660000 1
302.100000 2
302.560000 3
303.040000 4
303.520000 1
304.000000 2
304.480000 3
304.970000 4
305.450000 1
305.950000 2
306.430000 3
306.900000 4
307.390000 1
307.870000 2
308.360000 3
308.830000 4
309.320000 1
309.800000 2
310.290000 3
310.770000 4
311.250000 1
311.740000 2
312.220000 3
312.700000 4
313.190000 1
313.670000 2
314.160000 3
314.640000 4
315.120000 1
315.610000 2
316.090000 3
316.580000 4
317.060000 1
317.540000 2
318.030000 3
318.510000 4
318.990000 1
319.480000 2
319.960000 3
320.450000 4
320.930000 1
321.410000 2
321.900000 3
322.380000 4
322.870000 1
323.350000 2
323.830000 3
324.320000 4
324.800000 1
325.290000 2
325.770000 3
326.250000 4
326.740000 1
327.220000 2
327.710000 3
328.190000 4
328.670000 1
329.160000 2
329.640000 3
330.120000 4
330.610000 1
331.090000 2
331.580000 3
332.060000 4
332.540000 1
333.030000 2
333.510000 3
333.990000 4
334.480000 1
334.960000 2
335.450000 3
335.930000 4
336.410000 1
336.900000 2
337.380000 3
337.870000 4
338.350000 1
338.840000 2
339.320000 3
339.800000 4
340.280000 1
340.770000 2
341.250000 3
341.740000 4
342.220000 1
342.710000 2
343.190000 3
343.670000 4
344.160000 1
344.640000 2
345.120000 3
345.610000 4
346.090000 1
346.580000 2
347.060000 3
347.540000 4
348.030000 1
348.510000 2
349.000000 3
349.480000 4
349.960000 1
350.450000 2
350.930000 3
351.410000 4
351.900000 1
352.380000 2
352.870000 3
353.350000 4
353.830000 1
354.320000 2
354.800000 3
355.290000 4
355.770000 1
356.250000 2
356.740000 3
357.220000 4
357.700000 1
358.190000 2
358.670000 3
359.160000 4
359.640000 1
360.120000 2
360.610000 3
361.090000 4
361.580000 1
362.060000 2
362.540000 3
363.030000 4
363.510000 1
363.990000 2
364.480000 3
364.960000 4
365.450000 1
365.930000 2
366.410000 3
366.900000 4
367.380000 1
367.870000 2
368.350000 3
368.830000 4
369.320000 1
369.810000 2
370.290000 3
370.770000 4
371.250000 1
371.720000 2
372.200000 3
372.700000 4
373.160000 1
373.660000 2
374.120000 3
374.620000 4
375.100000 1
375.600000 2
376.110000 3
376.620000 4
377.080000 1
377.580000 2
378.040000 3
378.520000 4
379.000000 1
