0.371519 1
0.882358 2
1.393197 3
1.904036 4
2.414875 1
2.925714 2
3.436553 3
3.959002 4
4.469841 1
4.980680 2
5.491519 3
6.002358 4
6.513197 1
7.035646 2
7.546485 3
8.057324 4
8.568163 1
9.079002 2
9.589841 3
10.112290 4
10.623129 1
11.133968 2
11.644807 3
12.155646 4
12.678095 1
13.188934 2
13.699773 3
14.210612 4
14.721451 1
15.232290 2
15.754739 3
16.265578 4
16.776417 1
17.287256 2
17.798095 3
18.320544 4
18.831383 1
19.342222 2
19.853061 3
20.363900 4
20.874739 1
21.397188 2
21.908027 3
22.418866 4
22.929705 1
23.440544 2
23.951383 3
24.473832 4
24.984671 1
25.495510 2
26.006349 3
26.517188 4
27.028027 1
27.550476 2
28.061315 3
28.572154 4
29.082993 1
29.593832 2
30.104671 3
30.627120 4
31.137959 1
31.648798 2
32.159637 3
32.682086 4
33.192925 1
33.703764 2
34.214603 3
34.725442 4
35.236281 1
35.747120 2
36.257959 3
36.780408 4
37.291247 1
37.802086 2
38.312925 3
38.823764 4
39.346213 1
39.857052 2
40.367891 3
40.878730 4
41.401179 1
41.900408 2
42.422857 3
42.933696 4
43.444535 1
43.955374 2
44.466213 3
44.977052 4
45.499501 1
46.010340 2
46.521179 3
47.032018 4
47.542857 1
48.065306 2
48.576145 3
49.086984 4
49.597823 1
50.120272 2
50.631111 3
51.141950 4
51.652789 1
52.163628 2
52.674467 3
53.185306 4
53.696145 1
54.218594 2
54.729433 3
55.240272 4
55.751111 1
56.261950 2
56.772789 3
57.295238 4
57.806077 1
58.316916 2
58.827755 3
59.350204 4
59.861043 1
60.371882 2
60.882721 3
61.393560 4
61.904399 1
62.415238 2
62.937687 3
63.448526 4
63.959365 1
64.470204 2
64.981043 3
65.503492 4
66.014331 1
66.525170 2
67.036009 3
67.546848 4
68.057687 1
68.568526 2
69.090975 3
69.601814 4
70.112653 1
70.623492 2
71.134331 3
71.656780 4
72.167619 1
72.678458 2
73.189297 3
73.700136 4
74.210975 1
74.733424 2
75.244263 3
75.755102 4
76.265941 1
76.776780 2
77.287619 3
77.810068 4
78.320907 1
78.831746 2
79.342585 3
79.853424 4
80.364263 1
80.886712 2
81.397551 3
81.908390 4
82.419229 1
82.941678 2
83.452517 3
83.963356 4
84.474195 1
84.985034 2
85.495873 3
86.006712 4
86.517551 1
87.040000 2
87.550839 3
88.061678 4
88.572517 1
89.083356 2
89.594195 3
90.116644 4
90.627483 1
91.138322 2
91.649161 3
92.160000 4
92.670839 1
93.193288 2
93.704127 3
94.214966 4
94.725805 1
95.236644 2
95.747483 3
96.269932 4
96.780771 1
97.291610 2
97.802449 3
98.324898 4
98.835737 1
99.346576 2
99.857415 3
100.368254 4
100.879093 1
101.389932 2
101.912381 3
102.423220 4
102.934059 1
103.444898 2
103.955737 3
104.478186 4
104.989025 1
105.499864 2
106.010703 3
106.521542 4
107.032381 1
107.543220 2
108.065669 3
108.576508 4
109.087347 1
109.598186 2
110.109025 3
110.631474 4
111.142313 1
111.653152 2
112.163991 3
112.674830 4
113.185669 1
113.696508 2
114.218957 3
114.729796 4
115.240635 1
115.751474 2
116.262313 3
116.784762 4
117.283991 1
117.806440 2
118.317279 3
118.828118 4
119.338957 1
119.861406 2
120.372245 3
120.883084 4
121.393923 1
121.904762 2
122.415601 3
122.938050 4
123.448889 1
123.959728 2
124.470567 3
124.993016 4
125.503855 1
126.014694 2
126.525533 3
127.036372 4
127.547211 1
128.058050 2
128.568889 3
129.091338 4
129.602177 1
130.113016 2
130.623855 3
131.146304 4
131.657143 1
132.167982 2
132.678821 3
133.189660 4
133.700499 1
134.211338 2
134.733787 3
135.244626 4
135.755465 1
136.266304 2
136.777143 3
137.287982 4
137.798821 1
138.321270 2
138.832109 3
139.342948 4
139.853787 1
140.364626 2
140.887075 3
141.397914 4
141.908753 1
142.419592 2
142.930431 3
143.441270 4
143.952109 1
144.474558 2
144.985397 3
145.496236 4
146.007075 1
146.529524 2
147.040363 3
147.551202 4
148.062041 1
148.572880 2
149.083719 3
149.606168 4
150.117007 1
150.627846 2
151.138685 3
151.649524 4
152.160363 1
152.682812 2
153.193651 3
153.704490 4
154.215329 1
154.726168 2
155.237007 3
155.759456 4
156.270295 1
156.781134 2
157.291973 3
157.802812 4
158.313651 1
158.836100 2
159.346939 3
159.857778 4
160.368617 1
160.879456 2
161.390295 3
161.912744 4
162.423583 1
162.934422 2
163.445261 3
163.956100 4
164.478549 1
164.989388 2
165.500227 3
166.011066 4
166.521905 1
167.032744 2
167.543583 3
168.054422 4
168.576871 1
169.087710 2
169.598549 3
170.109388 4
170.620227 1
171.142676 2
171.653515 3
172.164354 4
172.675193 1
173.186032 2
173.708481 3
174.219320 4
174.730159 1
175.240998 2
175.751837 3
176.262676 4
176.785125 1
177.295964 2
177.806803 3
178.317642 4
178.828481 1
179.339320 2
179.861769 3
180.372608 4
180.883447 1
181.394286 2
181.905125 3
182.415964 4
182.926803 1
183.449252 2
183.960091 3
184.470930 4
184.981769 1
185.492608 2
186.015057 3
186.525896 4
187.036735 1
187.547574 2
188.058413 3
188.569252 4
189.091701 1
189.602540 2
190.113379 3
190.624218 4
191.135057 1
191.645896 2
192.168345 3
192.679184 4
193.190023 1
193.700862 2
194.211701 3
194.722540 4
195.244989 1
195.755828 2
196.266667 3
196.777506 4
197.299955 1
197.810794 2
198.321633 3
198.832472 4
199.343311 1
199.854150 2
200.364989 3
200.887438 4
201.398277 1
201.909116 2
202.419955 3
202.930794 4
203.453243 1
203.964082 2
204.474921 3
204.985760 4
205.496599 1
206.007438 2
206.529887 3
207.040726 4
207.551565 1
208.062404 2
208.573243 3
209.084082 4
209.594921 1
210.117370 2
210.628209 3
211.139048 4
211.649887 1
212.160726 2
212.671565 3
213.194014 4
213.704853 1
214.215692 2
214.726531 3
215.237370 4
215.748209 1
216.270658 2
216.781497 3
217.292336 4
217.803175 1
218.325624 2
218.836463 3
219.347302 4
219.858141 1
220.368980 2
220.879819 3
221.402268 4
221.901497 1
222.423946 2
222.934785 3
223.445624 4
223.956463 1
224.467302 2
224.989751 3
225.500590 4
226.011429 1
226.522268 2
227.033107 3
227.543946 4
228.054785 1
228.577234 2
229.088073 3
229.598912 4
230.109751 1
230.632200 2
231.143039 3
231.653878 4
232.164717 1
232.675556 2
233.186395 3
233.708844 4
234.208073 1
234.730522 2
235.241361 3
235.752200 4
236.263039 1
236.785488 2
237.296327 3
237.807166 4
238.318005 1
238.828844 2
239.351293 3
239.862132 4
240.372971 1
240.883810 2
241.394649 3
241.905488 4
242.416327 1
242.938776 2
243.449615 3
243.960454 4
244.471293 1
244.982132 2
245.492971 3
246.015420 4
246.526259 1
247.037098 2
247.547937 3
248.058776 4
248.569615 1
249.092063 2
249.602902 3
250.113741 4
250.624580 1
251.135420 2
251.646259 3
252.168707 4
252.679546 1
253.190385 2
253.701224 3
254.212063 4
254.722902 1
255.245351 2
255.756190 3
256.267029 4
256.777868 1
257.288707 2
257.811156 3
258.321995 4
258.832834 1
259.343673 2
259.854512 3
260.365351 4
260.876190 1
261.398639 2
261.909478 3
262.420317 4
262.931156 1
263.453605 2
263.964444 3
264.475283 4
264.986122 1
265.496961 2
266.007800 3
266.518639 4
267.041088 1
267.551927 2
268.062766 3
268.573605 4
269.084444 1
269.595283 2
270.117732 3
270.628571 4
271.139410 1
271.650249 2
272.161088 3
272.683537 4
273.194376 1
273.705215 2
274.216054 3
274.726893 4
275.237732 1
275.760181 2
276.271020 3
276.781859 4
277.292698 1
277.803537 2
278.314376 3
278.836825 4
279.347664 1
279.858503 2
280.369342 3
280.880181 4
281.391020 1
281.901859 2
282.424308 3
282.935147 4
283.445986 1
283.956825 2
284.467664 3
284.978503 4
285.500952 1
286.011791 2
286.522630 3
287.033469 4
287.544308 1
288.066757 2
288.577596 3
289.088435 4
289.599274 1
290.110113 2
290.620952 3
291.143401 4
291.654240 1
292.165079 2
292.675918 3
293.186757 4
293.697596 1
294.220045 2
294.730884 3
295.241723 4
295.752562 1
296.263401 2
296.774240 3
297.296689 4
297.807528 1
298.318367 2
298.829206 3
299.340045 4
299.850884 1
300.373333 2
300.884172 3
301.395011 4
301.905850 1
302.416689 2
302.927528 3
303.449977 4
303.960816 1
304.471655 2
304.982494 3
305.493333 4
306.004172 1
306.526621 2
307.037460 3
307.548299 4
308.059138 1
308.569977 2
309.080816 3
309.603265 4
310.114104 1
310.624943 2
311.135782 3
311.646621 4
312.157460 1
312.679909 2
313.190748 3
313.701587 4
314.212426 1
314.723265 2
315.234104 3
315.756553 4
316.267392 1
316.778231 2
317.289070 3
317.799909 4
318.310748 1
318.833197 2
319.344036 3
319.854875 4
320.365714 1
320.876553 2
321.387392 3
321.909841 4
322.420680 1
322.931519 2
323.442358 3
323.953197 4
324.464036 1
324.986485 2
325.497324 3
326.008163 4
326.519002 1
327.029841 2
327.540680 3
328.063129 4
328.573968 1
329.084807 2
329.595646 3
330.106485 4
330.617324 1
331.139773 2
331.650612 3
332.161451 4
332.672290 1
333.183129 2
333.693968 3
334.216417 4
334.727256 1
335.238095 2
335.748934 3
336.259773 4
336.770612 1
337.293061 2
337.803900 3
338.314739 4
338.825578 1
339.336417 2
339.858866 3
340.369705 4
340.880544 1
341.391383 2
341.902222 3
342.413061 4
342.923900 1
343.446349 2
343.957188 3
344.468027 4
344.978866 1
345.489705 2
346.012154 3
346.522993 4
347.033832 1
347.544671 2
348.055510 3
348.577959 4
349.077188 1
349.599637 2
350.110476 3
350.621315 4
351.132154 1
351.654603 2
352.165442 3
352.676281 4
353.187120 1
353.697959 2
354.208798 3
354.731247 4
355.242086 1
355.752925 2
356.263764 3
356.774603 4
357.285442 1
357.807891 2
358.318730 3
358.829569 4
359.340408 1
359.851247 2
360.362086 3
360.884535 4
