0.050000 1
0.510000 2
0.970000 3
1.430000 4
1.890000 1
2.360000 2
2.820000 3
3.280000 4
3.740000 1
4.200000 2
4.660000 3
5.130000 4
5.590000 1
6.050000 2
6.510000 3
6.970000 4
7.430000 1
7.890000 2
8.360000 3
8.820000 4
9.280000 1
9.740000 2
10.200000 3
10.660000 4
11.130000 1
11.590000 2
12.050000 3
12.510000 4
12.970000 1
13.430000 2
13.890000 3
14.360000 4
14.820000 1
15.280000 2
15.740000 3
16.200000 4
16.660000 1
17.130000 2
17.590000 3
18.050000 4
18.510000 1
18.970000 2
19.430000 3
19.890000 4
20.360000 1
20.820000 2
21.280000 3
21.740000 4
22.200000 1
22.660000 2
23.130000 3
23.590000 4
24.050000 1
24.510000 2
24.970000 3
25.430000 4
25.900000 1
26.360000 2
26.820000 3
27.280000 4
27.740000 1
28.200000 2
28.660000 3
29.120000 4
29.590000 1
30.050000 2
30.510000 3
30.970000 4
31.430000 1
31.890000 2
32.360000 3
32.820000 4
33.280000 1
33.740000 2
34.200000 3
34.660000 4
35.130000 1
35.590000 2
36.050000 3
36.510000 4
36.970000 1
37.430000 2
37.900000 3
38.360000 4
38.820000 1
39.280000 2
39.740000 3
40.200000 4
40.660000 1
41.130000 2
41.590000 3
42.050000 4
42.510000 1
42.970000 2
43.430000 3
43.890000 4
44.360000 1
44.820000 2
45.280000 3
45.740000 4
46.200000 1
46.660000 2
47.120000 3
47.590000 4
48.050000 1
48.510000 2
48.970000 3
49.430000 4
49.890000 1
50.350000 2
50.820000 3
51.280000 4
51.740000 1
52.200000 2
52.660000 3
53.120000 4
53.590000 1
54.050000 2
54.510000 3
54.970000 4
55.430000 1
55.890000 2
56.360000 3
56.820000 4
57.280000 1
57.740000 2
58.200000 3
58.660000 4
59.130000 1
59.590000 2
60.050000 3
60.510000 4
60.970000 1
61.430000 2
61.890000 3
62.350000 4
62.820000 1
63.280000 2
63.740000 3
64.200000 4
64.660000 1
65.120000 2
65.590000 3
66.050000 4
66.510000 1
66.970000 2
67.430000 3
67.890000 4
68.360000 1
68.820000 2
69.280000 3
69.740000 4
70.200000 1
70.660000 2
71.120000 3
71.590000 4
72.050000 1
72.510000 2
72.970000 3
73.430000 4
73.900000 1
74.360000 2
74.820000 3
75.280000 4
75.740000 1
76.200000 2
76.660000 3
77.120000 4
77.590000 1
78.050000 2
78.510000 3
78.970000 4
79.430000 1
79.890000 2
80.360000 3
80.820000 4
81.280000 1
81.740000 2
82.200000 3
82.660000 4
83.120000 1
83.590000 2
84.050000 3
84.510000 4
84.970000 1
85.430000 2
85.890000 3
86.350000 4
86.820000 1
87.280000 2
87.740000 3
88.200000 4
88.660000 1
89.120000 2
89.590000 3
90.050000 4
90.510000 1
90.970000 2
91.430000 3
91.890000 4
92.360000 1
92.820000 2
93.280000 3
93.740000 4
94.200000 1
94.660000 2
95.130000 3
95.590000 4
96.050000 1
96.510000 2
96.970000 3
97.430000 4
97.890000 1
98.350000 2
98.820000 3
99.280000 4
99.740000 1
100.200000 2
100.660000 3
101.120000 4
101.590000 1
102.050000 2
102.510000 3
102.970000 4
103.440000 1
103.870000 2
104.320000 3
104.750000 4
105.180000 1
105.630000 2
106.090000 3
106.550000 4
107.020000 1
107.480000 2
107.930000 3
108.400000 4
108.860000 1
109.320000 2
109.780000 3
110.240000 4
110.710000 1
111.170000 2
111.630000 3
112.090000 4
112.550000 1
113.010000 2
113.470000 3
113.940000 4
114.400000 1
114.860000 2
115.320000 3
115.780000 4
116.240000 1
116.700000 2
117.170000 3
117.630000 4
118.090000 1
118.550000 2
119.010000 3
119.470000 4
119.940000 1
120.400000 2
120.860000 3
121.320000 4
121.780000 1
122.250000 2
122.710000 3
123.170000 4
123.630000 1
124.090000 2
124.550000 3
125.010000 4
125.480000 1
125.940000 2
126.480000 3
126.970000 4
127.440000 1
127.900000 2
128.360000 3
128.820000 4
129.280000 1
129.740000 2
130.210000 3
130.670000 4
131.130000 1
131.590000 2
132.050000 3
132.510000 4
132.970000 1
133.430000 2
133.900000 3
134.360000 4
134.820000 1
135.280000 2
135.740000 3
136.200000 4
136.660000 1
137.120000 2
137.590000 3
138.050000 4
138.510000 1
138.970000 2
139.430000 3
139.890000 4
140.360000 1
140.820000 2
141.280000 3
141.740000 4
142.200000 1
142.660000 2
143.130000 3
143.590000 4
144.050000 1
144.510000 2
144.970000 3
145.430000 4
145.890000 1
146.350000 2
146.820000 3
147.280000 4
147.740000 1
148.200000 2
148.660000 3
149.130000 4
149.590000 1
150.050000 2
150.510000 3
150.970000 4
151.430000 1
151.890000 2
152.360000 3
152.820000 4
153.280000 1
153.740000 2
154.200000 3
154.660000 4
155.130000 1
155.590000 2
156.050000 3
156.510000 4
156.970000 1
157.430000 2
157.890000 3
158.360000 4
158.820000 1
159.280000 2
159.740000 3
160.200000 4
160.660000 1
161.120000 2
161.590000 3
162.050000 4
162.510000 1
162.970000 2
163.430000 3
163.890000 4
164.360000 1
164.820000 2
165.280000 3
165.740000 4
166.200000 1
166.660000 2
167.130000 3
167.590000 4
168.050000 1
168.510000 2
168.970000 3
169.430000 4
169.900000 1
170.360000 2
170.820000 3
171.280000 4
171.740000 1
172.200000 2
172.660000 3
173.120000 4
173.590000 1
174.050000 2
174.510000 3
174.970000 4
175.430000 1
175.890000 2
176.360000 3
176.820000 4
177.280000 1
177.740000 2
178.200000 3
178.660000 4
179.130000 1
179.590000 2
180.050000 3
180.510000 4
180.970000 1
181.430000 2
181.900000 3
182.360000 4
182.820000 1
183.280000 2
183.740000 3
184.200000 4
184.660000 1
185.120000 2
185.590000 3
186.050000 4
186.510000 1
186.970000 2
187.430000 3
187.890000 4
188.360000 1
188.820000 2
189.280000 3
189.740000 4
190.200000 1
190.660000 2
191.130000 3
191.590000 4
192.050000 1
192.510000 2
192.970000 3
193.430000 4
193.900000 1
194.360000 2
194.820000 3
195.280000 4
195.740000 1
196.200000 2
196.670000 3
197.130000 4
197.590000 1
198.050000 2
198.510000 3
198.970000 4
199.430000 1
199.890000 2
200.360000 3
200.820000 4
201.280000 1
201.740000 2
202.200000 3
202.660000 4
203.130000 1
203.590000 2
204.050000 3
204.510000 4
204.970000 1
205.430000 2
205.900000 3
206.360000 4
206.820000 1
207.280000 2
207.740000 3
208.200000 4
208.670000 1
209.130000 2
209.590000 3
210.050000 4
210.510000 1
210.970000 2
211.430000 3
211.890000 4
212.360000 1
212.820000 2
213.280000 3
213.740000 4
214.200000 1
214.660000 2
215.130000 3
215.590000 4
216.050000 1
216.510000 2
216.970000 3
217.430000 4
217.900000 1
218.360000 2
218.820000 3
219.280000 4
219.740000 1
220.200000 2
220.660000 3
221.120000 4
221.590000 1
222.050000 2
222.510000 3
222.970000 4
223.430000 1
223.890000 2
224.360000 3
224.820000 4
225.280000 1
225.740000 2
226.200000 3
226.660000 4
227.130000 1
227.590000 2
228.050000 3
228.510000 4
228.970000 1
229.430000 2
229.890000 3
230.360000 4
230.820000 1
231.280000 2
231.740000 3
232.200000 4
232.660000 1
233.120000 2
233.590000 3
234.050000 4
234.510000 1
234.970000 2
235.430000 3
235.890000 4
236.360000 1
236.820000 2
237.280000 3
237.740000 4
238.200000 1
238.670000 2
239.130000 3
239.590000 4
240.050000 1
240.510000 2
240.970000 3
241.430000 4
241.900000 1
242.360000 2
242.820000 3
243.280000 4
243.740000 1
244.200000 2
244.670000 3
245.130000 4
245.590000 1
246.050000 2
246.510000 3
246.970000 4
247.440000 1
247.900000 2
248.360000 3
248.820000 4
249.280000 1
249.740000 2
250.200000 3
250.660000 4
251.130000 1
251.590000 2
252.050000 3
252.510000 4
252.970000 1
253.440000 2
253.900000 3
254.360000 4
254.820000 1
255.280000 2
255.740000 3
256.200000 4
256.670000 1
257.130000 2
257.590000 3
258.050000 4
258.510000 1
258.970000 2
259.430000 3
259.900000 4
260.360000 1
260.820000 2
261.280000 3
261.740000 4
262.200000 1
262.660000 2
263.120000 3
263.590000 4
264.050000 1
264.510000 2
264.970000 3
265.430000 4
265.900000 1
266.360000 2
266.820000 3
267.280000 4
267.740000 1
268.200000 2
268.660000 3
269.130000 4
269.590000 1
270.050000 2
270.510000 3
270.970000 4
271.430000 1
271.890000 2
272.360000 3
272.820000 4
273.280000 1
273.740000 2
274.200000 3
274.660000 4
275.120000 1
275.590000 2
276.050000 3
276.510000 4
276.970000 1
277.430000 2
277.890000 3
278.360000 4
278.820000 1
279.280000 2
279.740000 3
280.200000 4
280.660000 1
281.130000 2
281.590000 3
282.050000 4
282.510000 1
282.970000 2
283.430000 3
283.890000 4
284.360000 1
284.820000 2
285.280000 3
285.740000 4
286.200000 1
286.660000 2
287.130000 3
287.590000 4
288.050000 1
288.510000 2
288.970000 3
289.430000 4
289.890000 1
290.360000 2
290.820000 3
291.280000 4
291.740000 1
292.200000 2
292.660000 3
293.120000 4
293.590000 1
294.050000 2
294.510000 3
294.970000 4
295.440000 1
295.890000 2
296.360000 3
296.820000 4
297.280000 1
297.740000 2
298.200000 3
298.660000 4
299.130000 1
299.590000 2
300.050000 3
300.510000 4
300.970000 1
301.430000 2
301.890000 3
302.360000 4
302.820000 1
303.280000 2
303.740000 3
304.200000 4
304.660000 1
305.120000 2
305.590000 3
306.050000 4
306.510000 1
306.970000 2
307.430000 3
307.890000 4
308.360000 1
308.820000 2
309.280000 3
309.740000 4
310.200000 1
310.660000 2
311.130000 3
311.590000 4
312.050000 1
312.510000 2
312.970000 3
313.430000 4
313.900000 1
314.360000 2
314.820000 3
315.280000 4
315.740000 1
316.200000 2
316.660000 3
317.120000 4
317.590000 1
318.050000 2
318.510000 3
318.970000 4
319.430000 1
319.890000 2
320.360000 3
320.820000 4
321.280000 1
321.740000 2
322.200000 3
322.660000 4
323.130000 1
323.590000 2
324.050000 3
324.510000 4
324.970000 1
325.430000 2
325.890000 3
326.360000 4
326.820000 1
327.280000 2
327.740000 3
328.200000 4
328.660000 1
329.120000 2
329.590000 3
330.050000 4
330.510000 1
330.970000 2
331.430000 3
331.890000 4
332.360000 1
332.820000 2
333.280000 3
333.740000 4
334.200000 1
334.660000 2
335.120000 3
335.590000 4
336.050000 1
336.510000 2
336.970000 3
337.430000 4
337.890000 1
338.350000 2
338.820000 3
339.280000 4
339.740000 1
340.200000 2
340.660000 3
341.120000 4
341.590000 1
342.050000 2
342.510000 3
342.970000 4
343.430000 1
343.890000 2
344.360000 3
344.820000 4
345.280000 1
345.740000 2
346.200000 3
346.660000 4
347.120000 1
347.590000 2
348.050000 3
348.510000 4
348.970000 1
349.430000 2
349.890000 3
350.360000 4
350.820000 1
351.280000 2
351.740000 3
352.200000 4
352.660000 1
353.130000 2
353.590000 3
354.050000 4
354.510000 1
354.970000 2
355.430000 3
355.890000 4
356.360000 1
356.820000 2
357.280000 3
357.740000 4
358.200000 1
358.660000 2
359.130000 3
359.590000 4
360.050000 1
360.510000 2
360.970000 3
361.430000 4
361.890000 1
362.360000 2
362.820000 3
363.280000 4
363.740000 1
364.200000 2
364.660000 3
365.120000 4
365.590000 1
366.050000 2
366.510000 3
366.970000 4
367.430000 1
367.890000 2
368.360000 3
368.820000 4
369.280000 1
369.740000 2
370.200000 3
370.660000 4
371.130000 1
371.590000 2
372.050000 3
372.510000 4
372.970000 1
373.430000 2
373.900000 3
374.360000 4
374.820000 1
375.280000 2
375.740000 3
376.200000 4
376.660000 1
377.130000 2
377.590000 3
378.050000 4
378.510000 1
378.970000 2
379.430000 3
379.890000 4
380.360000 1
380.820000 2
381.280000 3
381.740000 4
382.200000 1
382.660000 2
383.130000 3
383.590000 4
384.050000 1
384.510000 2
384.970000 3
385.430000 4
385.880000 1
386.340000 2
