0.240000 4
0.710000 1
1.190000 2
1.660000 3
2.140000 4
2.630000 1
3.100000 2
3.560000 3
4.050000 4
4.510000 1
5.010000 2
5.480000 3
5.970000 4
6.440000 1
6.910000 2
7.390000 3
7.850000 4
8.330000 1
8.810000 2
9.290000 3
9.760000 4
10.230000 1
10.700000 2
11.180000 3
11.660000 4
12.140000 1
12.620000 2
13.090000 3
13.570000 4
14.040000 1
14.520000 2
14.990000 3
15.470000 4
15.950000 1
16.420000 2
16.900000 3
17.380000 4
17.850000 1
18.330000 2
18.800000 3
19.280000 4
19.760000 1
20.230000 2
20.710000 3
21.190000 4
21.660000 1
22.140000 2
22.610000 3
23.090000 4
23.570000 1
24.040000 2
24.520000 3
24.990000 4
25.470000 1
25.950000 2
26.420000 3
26.900000 4
27.370000 1
27.850000 2
28.330000 3
28.800000 4
29.280000 1
29.760000 2
30.230000 3
30.710000 4
31.180000 1
31.660000 2
32.140000 3
32.610000 4
33.090000 1
33.570000 2
34.040000 3
34.520000 4
34.990000 1
35.470000 2
35.950000 3
36.420000 4
36.900000 1
37.380000 2
37.850000 3
38.330000 4
38.800000 1
39.280000 2
39.750000 3
40.230000 4
40.700000 1
41.180000 2
41.660000 3
42.140000 4
42.610000 1
43.090000 2
43.570000 3
44.040000 4
44.520000 1
44.990000 2
45.470000 3
45.950000 4
46.420000 1
46.900000 2
47.380000 3
47.850000 4
48.330000 1
48.800000 2
49.280000 3
49.760000 4
50.230000 1
50.710000 2
51.190000 3
51.660000 4
52.140000 1
52.610000 2
53.090000 3
53.570000 4
54.040000 1
54.520000 2
55.000000 3
55.470000 4
55.950000 1
56.420000 2
56.900000 3
57.380000 4
57.850000 1
58.330000 2
58.800000 3
59.280000 4
59.760000 1
60.230000 2
60.710000 3
61.180000 4
61.660000 1
62.140000 2
62.610000 3
63.090000 4
63.570000 1
64.040000 2
64.520000 3
64.990000 4
65.470000 1
65.950000 2
66.420000 3
66.900000 4
67.370000 1
67.850000 2
68.330000 3
68.800000 4
69.280000 1
69.760000 2
70.230000 3
70.710000 4
71.180000 1
71.660000 2
72.140000 3
72.610000 4
73.080000 1
73.560000 2
74.040000 3
74.510000 4
74.990000 1
75.460000 2
75.920000 3
76.380000 4
76.850000 1
77.330000 2
77.820000 3
78.310000 4
78.770000 1
79.250000 2
79.750000 3
80.230000 4
80.710000 1
81.170000 2
81.670000 3
82.130000 4
82.630000 1
83.110000 2
83.590000 3
84.060000 4
84.540000 1
85.010000 2
85.490000 3
85.980000 4
86.430000 1
86.920000 2
87.380000 3
87.860000 4
88.330000 1
88.800000 2
89.300000 3
89.760000 4
90.240000 1
90.720000 2
91.220000 3
91.680000 4
92.160000 1
92.660000 2
93.140000 3
93.620000 4
94.090000 1
94.580000 2
95.040000 3
95.520000 4
96.020000 1
96.480000 2
96.970000 3
97.460000 4
97.930000 1
98.390000 2
98.880000 3
99.330000 4
99.800000 1
100.290000 2
100.740000 3
101.210000 4
101.700000 1
102.160000 2
102.620000 3
103.100000 4
103.580000 1
104.080000 2
104.620000 3
105.100000 4
105.600000 1
106.070000 2
106.550000 3
107.030000 4
107.500000 1
107.980000 2
108.450000 3
108.930000 4
109.400000 1
109.880000 2
110.360000 3
110.830000 4
111.310000 1
111.790000 2
112.260000 3
112.740000 4
113.210000 1
113.690000 2
114.160000 3
114.640000 4
115.120000 1
115.590000 2
116.070000 3
116.540000 4
117.020000 1
117.500000 2
117.970000 3
118.450000 4
118.880000 1
119.320000 2
119.760000 3
120.220000 4
120.700000 1
121.190000 2
121.670000 3
122.150000 4
122.610000 1
123.070000 2
123.560000 3
124.050000 4
124.510000 1
125.010000 2
125.480000 3
125.970000 4
126.440000 1
126.910000 2
127.390000 3
127.850000 4
128.330000 1
128.820000 2
129.290000 3
129.760000 4
130.240000 1
130.720000 2
131.180000 3
131.660000 4
132.140000 1
132.610000 2
133.090000 3
133.570000 4
134.040000 1
134.520000 2
134.990000 3
135.470000 4
135.950000 1
136.420000 2
136.900000 3
137.380000 4
137.850000 1
138.330000 2
138.800000 3
139.280000 4
139.760000 1
140.230000 2
140.710000 3
141.190000 4
141.660000 1
142.140000 2
142.610000 3
143.090000 4
143.570000 1
144.040000 2
144.520000 3
144.990000 4
145.470000 1
145.950000 2
146.420000 3
146.900000 4
147.370000 1
147.850000 2
148.330000 3
148.810000 4
149.280000 1
149.760000 2
150.230000 3
150.710000 4
151.180000 1
151.660000 2
152.140000 3
152.610000 4
153.090000 1
153.570000 2
154.040000 3
154.520000 4
154.990000 1
155.470000 2
155.950000 3
156.420000 4
156.900000 1
157.380000 2
157.850000 3
158.330000 4
158.800000 1
159.280000 2
159.750000 3
160.230000 4
160.700000 1
161.180000 2
161.660000 3
162.140000 4
162.610000 1
163.090000 2
163.570000 3
164.040000 4
164.520000 1
164.990000 2
165.470000 3
165.950000 4
166.420000 1
166.900000 2
167.380000 3
167.850000 4
168.330000 1
168.800000 2
169.280000 3
169.760000 4
