0.090000 1
0.570000 2
1.040000 3
1.520000 4
2.000000 1
2.470000 2
2.950000 3
3.420000 4
3.900000 1
4.370000 2
4.850000 3
5.330000 4
5.810000 1
6.280000 2
6.760000 3
7.230000 4
7.710000 1
8.180000 2
8.660000 3
9.140000 4
9.610000 1
10.090000 2
10.570000 3
11.040000 4
11.520000 1
11.990000 2
12.470000 3
12.950000 4
13.420000 1
13.900000 2
14.380000 3
14.860000 4
15.330000 1
15.800000 2
16.280000 3
16.760000 4
17.230000 1
17.710000 2
18.190000 3
18.660000 4
19.140000 1
19.610000 2
20.090000 3
20.570000 4
21.040000 1
21.520000 2
21.980000 3
22.460000 4
22.950000 1
23.430000 2
23.900000 3
24.380000 4
24.850000 1
25.330000 2
25.810000 3
26.290000 4
26.760000 1
27.240000 2
27.710000 3
28.190000 4
28.660000 1
29.140000 2
29.620000 3
30.090000 4
30.570000 1
31.050000 2
31.520000 3
32.000000 4
32.470000 1
32.950000 2
33.430000 3
33.900000 4
34.380000 1
34.860000 2
35.330000 3
35.810000 4
36.280000 1
36.760000 2
37.240000 3
37.710000 4
38.190000 1
38.660000 2
39.140000 3
39.620000 4
40.090000 1
40.570000 2
41.050000 3
41.520000 4
42.000000 1
42.470000 2
42.950000 3
43.430000 4
43.900000 1
44.380000 2
44.850000 3
45.320000 4
45.800000 1
46.290000 2
46.830000 3
47.360000 4
47.880000 1
48.370000 2
48.900000 3
49.430000 4
49.980000 1
50.490000 2
51.050000 3
51.510000 4
52.000000 1
52.480000 2
52.960000 3
53.430000 4
53.920000 1
54.400000 2
54.880000 3
55.320000 4
55.810000 1
56.300000 2
56.760000 3
57.250000 4
57.730000 1
58.220000 2
58.680000 3
59.140000 4
59.600000 1
60.100000 2
60.570000 3
61.040000 4
61.520000 1
62.000000 2
62.460000 3
62.930000 4
63.420000 1
63.900000 2
64.370000 3
64.860000 4
65.330000 1
65.810000 2
66.270000 3
66.750000 4
67.240000 1
67.720000 2
68.180000 3
68.660000 4
69.140000 1
69.630000 2
70.090000 3
70.580000 4
71.060000 1
71.540000 2
72.020000 3
72.510000 4
72.950000 1
73.430000 2
73.890000 3
74.380000 4
74.860000 1
75.340000 2
75.820000 3
76.300000 4
76.770000 1
77.250000 2
77.710000 3
78.200000 4
78.680000 1
79.140000 2
79.620000 3
80.100000 4
80.570000 1
81.050000 2
81.520000 3
82.000000 4
82.480000 1
82.950000 2
83.430000 3
83.900000 4
84.380000 1
84.860000 2
85.330000 3
85.810000 4
86.270000 1
86.750000 2
87.210000 3
87.710000 4
88.190000 1
88.670000 2
89.140000 3
89.620000 4
90.090000 1
90.570000 2
91.050000 3
91.520000 4
92.000000 1
92.480000 2
92.960000 3
93.430000 4
93.900000 1
94.380000 2
94.860000 3
95.330000 4
95.810000 1
96.290000 2
96.760000 3
97.240000 4
97.710000 1
98.190000 2
98.670000 3
99.140000 4
99.620000 1
100.090000 2
100.570000 3
101.050000 4
101.520000 1
102.000000 2
102.490000 3
102.950000 4
103.430000 1
103.900000 2
104.380000 3
104.860000 4
105.330000 1
105.810000 2
106.290000 3
106.760000 4
107.240000 1
107.710000 2
108.190000 3
108.670000 4
109.140000 1
109.620000 2
110.100000 3
110.570000 4
111.050000 1
111.520000 2
112.000000 3
112.480000 4
112.950000 1
113.430000 2
113.910000 3
114.380000 4
114.860000 1
115.330000 2
115.810000 3
116.280000 4
116.760000 1
117.230000 2
117.710000 3
118.190000 4
118.670000 1
119.140000 2
119.620000 3
120.090000 4
120.570000 1
121.050000 2
121.530000 3
122.000000 4
122.480000 1
122.950000 2
123.430000 3
123.900000 4
124.380000 1
124.860000 2
125.340000 3
125.810000 4
126.290000 1
126.760000 2
127.240000 3
127.710000 4
128.190000 1
128.670000 2
129.140000 3
129.620000 4
130.090000 1
130.570000 2
131.050000 3
131.520000 4
132.000000 1
132.480000 2
132.950000 3
133.420000 4
133.870000 1
134.360000 2
134.840000 3
135.360000 4
135.860000 1
136.420000 2
136.920000 3
137.480000 4
138.010000 1
138.510000 2
139.030000 3
139.540000 4
140.040000 1
140.550000 2
141.040000 3
141.520000 4
142.000000 1
142.470000 2
142.940000 3
143.430000 4
143.900000 1
144.380000 2
144.860000 3
145.330000 4
145.810000 1
146.280000 2
146.760000 3
147.240000 4
147.710000 1
148.190000 2
148.670000 3
149.140000 4
149.620000 1
150.090000 2
150.570000 3
151.040000 4
151.520000 1
152.000000 2
152.470000 3
152.950000 4
153.430000 1
153.900000 2
154.360000 3
154.860000 4
155.330000 1
155.800000 2
156.280000 3
156.760000 4
157.240000 1
157.710000 2
158.180000 3
158.670000 4
159.140000 1
159.610000 2
160.090000 3
160.570000 4
161.040000 1
161.520000 2
162.000000 3
162.480000 4
162.950000 1
163.450000 2
163.910000 3
164.380000 4
164.860000 1
165.320000 2
165.810000 3
166.290000 4
166.770000 1
167.250000 2
167.720000 3
168.200000 4
168.670000 1
169.140000 2
169.630000 3
170.110000 4
170.570000 1
171.040000 2
171.510000 3
172.000000 4
172.480000 1
172.950000 2
173.430000 3
173.910000 4
174.380000 1
174.860000 2
175.330000 3
175.810000 4
176.290000 1
176.760000 2
177.240000 3
177.740000 4
178.230000 1
178.760000 2
179.310000 3
179.870000 4
180.430000 1
181.010000 2
181.580000 3
182.130000 4
182.700000 1
183.250000 2
183.780000 3
184.330000 4
184.850000 1
185.320000 2
185.790000 3
186.260000 4
186.760000 1
187.240000 2
187.710000 3
188.190000 4
188.670000 1
189.140000 2
189.620000 3
190.100000 4
190.570000 1
191.050000 2
191.520000 3
192.000000 4
192.480000 1
192.950000 2
193.430000 3
193.910000 4
194.380000 1
194.860000 2
195.330000 3
195.810000 4
196.280000 1
196.760000 2
197.240000 3
197.720000 4
198.190000 1
198.670000 2
199.140000 3
199.620000 4
200.100000 1
200.570000 2
201.050000 3
201.540000 4
202.000000 1
202.480000 2
202.950000 3
203.430000 4
203.900000 1
204.380000 2
204.860000 3
205.340000 4
205.810000 1
206.290000 2
206.760000 3
207.240000 4
207.710000 1
208.190000 2
208.670000 3
209.150000 4
209.620000 1
210.100000 2
210.570000 3
211.050000 4
211.520000 1
212.000000 2
212.480000 3
212.960000 4
213.430000 1
213.900000 2
214.380000 3
214.860000 4
215.330000 1
215.810000 2
216.270000 3
216.750000 4
217.240000 1
217.710000 2
218.190000 3
218.670000 4
219.140000 1
219.620000 2
220.100000 3
220.570000 4
221.050000 1
221.520000 2
222.000000 3
222.480000 4
222.950000 1
223.430000 2
223.910000 3
224.380000 4
224.860000 1
225.330000 2
225.810000 3
226.290000 4
226.760000 1
227.240000 2
227.720000 3
228.190000 4
228.670000 1
229.140000 2
229.620000 3
230.100000 4
230.570000 1
231.050000 2
231.520000 3
232.010000 4
232.470000 1
232.950000 2
233.430000 3
233.910000 4
234.380000 1
234.860000 2
235.340000 3
235.810000 4
236.290000 1
236.760000 2
237.240000 3
237.720000 4
238.190000 1
238.670000 2
239.150000 3
239.620000 4
240.100000 1
240.570000 2
241.050000 3
241.530000 4
242.000000 1
242.480000 2
242.960000 3
243.430000 4
243.910000 1
244.380000 2
244.860000 3
245.340000 4
245.810000 1
246.290000 2
246.760000 3
247.240000 4
247.710000 1
248.190000 2
248.660000 3
249.140000 4
249.620000 1
250.090000 2
250.570000 3
251.050000 4
251.520000 1
252.000000 2
252.470000 3
252.950000 4
253.430000 1
253.910000 2
254.380000 3
254.860000 4
255.330000 1
255.810000 2
256.280000 3
256.760000 4
257.240000 1
257.710000 2
258.190000 3
258.670000 4
259.140000 1
259.620000 2
260.090000 3
260.570000 4
261.050000 1
261.520000 2
262.000000 3
262.480000 4
262.950000 1
263.430000 2
263.900000 3
264.380000 4
264.860000 1
265.330000 2
265.810000 3
266.280000 4
266.760000 1
267.240000 2
267.710000 3
268.190000 4
268.670000 1
269.140000 2
269.620000 3
270.070000 4
270.570000 1
271.040000 2
271.520000 3
272.000000 4
272.470000 1
272.950000 2
273.430000 3
273.900000 4
274.380000 1
274.850000 2
275.330000 3
275.810000 4
276.280000 1
276.760000 2
277.240000 3
277.710000 4
278.190000 1
278.660000 2
279.140000 3
279.610000 4
280.090000 1
280.570000 2
281.040000 3
281.520000 4
282.000000 1
282.470000 2
282.950000 3
283.420000 4
283.900000 1
284.380000 2
284.860000 3
285.330000 4
285.810000 1
286.280000 2
286.760000 3
287.230000 4
287.710000 1
288.190000 2
288.660000 3
289.130000 4
289.610000 1
290.090000 2
290.570000 3
291.040000 4
291.520000 1
292.000000 2
292.460000 3
292.940000 4
