0.050000 1
0.540000 2
1.030000 3
1.520000 4
2.010000 1
2.510000 2
3.000000 3
3.490000 4
3.980000 1
4.470000 2
4.960000 3
5.460000 4
5.950000 1
6.440000 2
6.930000 3
7.420000 4
7.920000 1
8.410000 2
8.900000 3
9.390000 4
9.880000 1
10.370000 2
10.870000 3
11.360000 4
11.850000 1
12.340000 2
12.830000 3
13.330000 4
13.820000 1
14.310000 2
14.800000 3
15.290000 4
15.780000 1
16.280000 2
16.770000 3
17.260000 4
17.750000 1
18.240000 2
18.730000 3
19.230000 4
19.720000 1
20.210000 2
20.700000 3
21.190000 4
21.680000 1
22.180000 2
22.670000 3
23.160000 4
23.650000 1
24.140000 2
24.640000 3
25.130000 4
25.620000 1
26.110000 2
26.600000 3
27.100000 4
27.590000 1
28.080000 2
28.570000 3
29.060000 4
29.550000 1
30.050000 2
30.540000 3
31.030000 4
31.520000 1
32.010000 2
32.510000 3
33.000000 4
33.490000 1
33.980000 2
34.470000 3
34.960000 4
35.460000 1
35.950000 2
36.440000 3
36.930000 4
37.420000 1
37.910000 2
38.410000 3
38.900000 4
39.390000 1
39.880000 2
40.370000 3
40.870000 4
41.360000 1
41.850000 2
42.340000 3
42.830000 4
43.320000 1
43.820000 2
44.310000 3
44.800000 4
45.290000 1
45.780000 2
46.280000 3
46.770000 4
47.260000 1
47.750000 2
48.240000 3
48.730000 4
49.230000 1
49.720000 2
50.210000 3
50.700000 4
51.190000 1
51.690000 2
52.180000 3
52.670000 4
53.160000 1
53.650000 2
54.140000 3
54.640000 4
55.130000 1
55.620000 2
56.110000 3
56.600000 4
57.100000 1
57.590000 2
58.080000 3
58.570000 4
59.060000 1
59.560000 2
60.050000 3
60.540000 4
61.030000 1
61.520000 2
62.010000 3
62.510000 4
63.000000 1
63.490000 2
63.980000 3
64.470000 4
64.970000 1
65.460000 2
65.950000 3
66.440000 4
66.930000 1
67.420000 2
67.920000 3
68.410000 4
68.900000 1
69.390000 2
69.880000 3
70.370000 4
70.870000 1
71.360000 2
71.850000 3
72.340000 4
72.840000 1
73.330000 2
73.820000 3
74.310000 4
74.800000 1
75.290000 2
75.790000 3
76.280000 4
76.770000 1
77.260000 2
77.750000 3
78.240000 4
78.740000 1
79.230000 2
79.720000 3
80.210000 4
80.700000 1
81.190000 2
81.570000 3
81.930000 4
82.420000 1
82.920000 2
83.410000 3
83.900000 4
84.390000 1
84.880000 2
85.370000 3
85.870000 4
86.360000 1
86.850000 2
87.340000 3
87.840000 4
88.330000 1
88.820000 2
89.310000 3
89.800000 4
90.290000 1
90.790000 2
91.280000 3
91.770000 4
92.260000 1
92.750000 2
93.250000 3
93.740000 4
94.230000 1
94.720000 2
95.210000 3
95.700000 4
96.200000 1
96.690000 2
97.180000 3
97.670000 4
98.160000 1
98.660000 2
99.150000 3
99.640000 4
100.130000 1
100.620000 2
101.110000 3
101.610000 4
102.100000 1
102.590000 2
103.080000 3
103.570000 4
104.060000 1
104.560000 2
105.050000 3
105.540000 4
106.030000 1
106.520000 2
107.020000 3
107.510000 4
108.000000 1
108.490000 2
108.980000 3
109.480000 4
109.970000 1
110.460000 2
110.950000 3
111.440000 4
111.930000 1
112.430000 2
112.920000 3
113.410000 4
113.900000 1
114.390000 2
114.880000 3
115.380000 4
115.870000 1
116.360000 2
116.850000 3
117.350000 4
117.840000 1
118.330000 2
118.820000 3
119.310000 4
119.800000 1
120.290000 2
120.790000 3
121.280000 4
121.770000 1
122.260000 2
122.750000 3
123.250000 4
123.740000 1
124.230000 2
124.720000 3
125.210000 4
125.700000 1
126.200000 2
126.690000 3
127.180000 4
127.670000 1
128.160000 2
128.650000 3
129.150000 4
129.640000 1
130.130000 2
130.620000 3
131.110000 4
131.610000 1
132.100000 2
132.590000 3
133.080000 4
133.570000 1
134.070000 2
134.560000 3
135.050000 4
135.540000 1
136.030000 2
136.520000 3
137.010000 4
137.510000 1
138.000000 2
138.490000 3
138.980000 4
139.470000 1
139.970000 2
140.460000 3
140.950000 4
141.440000 1
141.930000 2
142.420000 3
142.920000 4
143.410000 1
143.900000 2
144.390000 3
144.880000 4
145.380000 1
145.870000 2
146.360000 3
146.850000 4
147.340000 1
147.830000 2
148.330000 3
148.820000 4
149.310000 1
149.800000 2
150.290000 3
150.790000 4
151.280000 1
151.770000 2
152.260000 3
152.750000 4
153.250000 1
153.740000 2
154.230000 3
154.720000 4
155.210000 1
155.700000 2
156.200000 3
156.690000 4
157.180000 1
157.670000 2
158.160000 3
158.650000 4
159.140000 1
159.640000 2
160.130000 3
160.750000 4
161.360000 1
161.850000 2
162.340000 3
162.830000 4
163.330000 1
163.820000 2
164.310000 3
164.800000 4
165.290000 1
165.780000 2
166.280000 3
166.770000 4
167.260000 1
167.750000 2
168.240000 3
168.740000 4
169.230000 1
169.720000 2
170.210000 3
170.700000 4
171.190000 1
171.690000 2
172.180000 3
172.670000 4
173.160000 1
173.650000 2
174.140000 3
174.640000 4
175.130000 1
175.620000 2
176.110000 3
176.600000 4
177.100000 1
177.590000 2
178.080000 3
178.570000 4
179.060000 1
179.550000 2
180.050000 3
180.540000 4
181.030000 1
181.520000 2
182.010000 3
182.510000 4
183.000000 1
183.490000 2
183.980000 3
184.470000 4
184.960000 1
185.460000 2
185.950000 3
186.440000 4
186.930000 1
187.420000 2
187.920000 3
188.410000 4
188.900000 1
189.390000 2
189.880000 3
190.370000 4
190.870000 1
191.360000 2
191.850000 3
192.340000 4
192.830000 1
193.330000 2
193.820000 3
194.310000 4
194.800000 1
195.290000 2
195.780000 3
196.280000 4
196.770000 1
197.260000 2
197.750000 3
198.240000 4
198.740000 1
199.230000 2
199.720000 3
200.210000 4
200.700000 1
201.190000 2
201.690000 3
202.180000 4
202.670000 1
203.160000 2
203.650000 3
204.150000 4
204.640000 1
205.130000 2
205.620000 3
206.110000 4
206.600000 1
207.100000 2
207.590000 3
208.080000 4
208.570000 1
209.060000 2
209.550000 3
210.050000 4
210.540000 1
211.030000 2
211.520000 3
212.010000 4
212.510000 1
213.000000 2
213.490000 3
213.980000 4
214.470000 1
214.960000 2
215.460000 3
215.950000 4
216.440000 1
216.930000 2
217.430000 3
217.920000 4
218.410000 1
218.900000 2
219.390000 3
219.880000 4
220.380000 1
220.870000 2
221.360000 3
221.850000 4
222.340000 1
222.830000 2
223.330000 3
223.820000 4
224.310000 1
224.800000 2
225.290000 3
225.780000 4
226.270000 1
226.770000 2
227.260000 3
227.750000 4
228.240000 1
228.730000 2
229.230000 3
229.720000 4
230.210000 1
230.700000 2
231.190000 3
231.690000 4
232.180000 1
232.670000 2
233.160000 3
233.650000 4
234.140000 1
234.640000 2
235.130000 3
235.620000 4
236.110000 1
236.600000 2
237.090000 3
237.590000 4
238.080000 1
238.570000 2
239.060000 3
239.550000 4
240.050000 1
240.540000 2
241.030000 3
241.520000 4
242.010000 1
242.510000 2
243.000000 3
243.490000 4
243.980000 1
244.470000 2
244.960000 3
245.460000 4
245.950000 1
246.440000 2
246.930000 3
247.420000 4
247.920000 1
248.410000 2
248.900000 3
249.390000 4
249.880000 1
250.370000 2
250.870000 3
251.360000 4
251.850000 1
252.340000 2
252.830000 3
253.320000 4
253.820000 1
254.310000 2
254.800000 3
255.290000 4
255.780000 1
256.280000 2
256.770000 3
257.260000 4
257.750000 1
258.240000 2
258.730000 3
259.230000 4
259.720000 1
260.210000 2
260.700000 3
261.190000 4
261.690000 1
262.180000 2
262.670000 3
263.160000 4
263.650000 1
264.140000 2
264.640000 3
265.130000 4
265.620000 1
266.110000 2
266.600000 3
267.100000 4
267.590000 1
268.080000 2
268.570000 3
269.060000 4
269.550000 1
270.050000 2
270.540000 3
271.030000 4
271.520000 1
272.010000 2
272.500000 3
273.000000 4
273.490000 1
273.980000 2
274.470000 3
274.960000 4
275.460000 1
275.950000 2
276.440000 3
276.930000 4
277.420000 1
277.910000 2
278.410000 3
278.900000 4
279.390000 1
279.880000 2
280.370000 3
280.750000 4
281.110000 1
281.600000 2
282.100000 3
282.590000 4
283.080000 1
283.570000 2
284.060000 3
284.550000 4
285.050000 1
285.540000 2
286.030000 3
286.520000 4
287.010000 1
287.500000 2
288.000000 3
288.490000 4
288.980000 1
289.470000 2
289.960000 3
290.460000 4
290.950000 1
291.440000 2
291.930000 3
292.420000 4
292.910000 1
293.410000 2
293.900000 3
294.390000 4
294.880000 1
295.370000 2
295.870000 3
296.360000 4
296.850000 1
297.340000 2
297.830000 3
298.320000 4
298.820000 1
299.310000 2
299.800000 3
300.290000 4
300.780000 1
301.280000 2
301.770000 3
302.260000 4
302.750000 1
303.240000 2
303.730000 3
304.230000 4
304.720000 1
305.210000 2
305.700000 3
306.190000 4
306.680000 1
307.180000 2
307.670000 3
308.160000 4
308.650000 1
309.140000 2
309.630000 3
310.130000 4
310.620000 1
311.110000 2
311.600000 3
312.100000 4
312.590000 1
313.080000 2
313.570000 3
314.060000 4
314.550000 1
315.050000 2
315.540000 3
316.030000 4
316.520000 1
317.010000 2
317.510000 3
318.000000 4
318.490000 1
318.980000 2
319.470000 3
319.960000 4
320.460000 1
320.950000 2
321.440000 3
321.930000 4
322.420000 1
322.910000 2
323.410000 3
323.900000 4
324.390000 1
324.880000 2
325.370000 3
325.870000 4
326.360000 1
326.850000 2
327.340000 3
327.830000 4
328.320000 1
328.820000 2
329.310000 3
329.800000 4
330.290000 1
330.780000 2
331.280000 3
331.770000 4
332.260000 1
332.750000 2
333.240000 3
333.730000 4
334.230000 1
334.720000 2
335.210000 3
335.700000 4
336.190000 1
336.680000 2
337.180000 3
337.670000 4
338.160000 1
338.650000 2
339.150000 3
339.640000 4
340.130000 1
340.620000 2
341.110000 3
341.600000 4
342.100000 1
342.590000 2
343.080000 3
343.570000 4
344.060000 1
344.550000 2
345.050000 3
345.540000 4
346.030000 1
346.520000 2
347.010000 3
347.510000 4
348.000000 1
348.490000 2
348.980000 3
349.470000 4
349.960000 1
350.460000 2
350.950000 3
351.440000 4
351.930000 1
352.420000 2
352.920000 3
353.410000 4
353.900000 1
354.390000 2
354.880000 3
355.380000 4
355.870000 1
356.360000 2
356.850000 3
357.340000 4
357.830000 1
358.330000 2
358.820000 3
359.310000 4
359.800000 1
360.260000 2
360.680000 3
361.110000 4
361.530000 1
362.020000 2
362.510000 3
363.000000 4
363.490000 1
363.980000 2
364.480000 3
364.970000 4
365.460000 1
365.950000 2
366.440000 3
366.930000 4
367.420000 1
367.920000 2
368.410000 3
368.900000 4
369.390000 1
369.880000 2
370.380000 3
370.870000 4
371.360000 1
371.850000 2
372.340000 3
372.830000 4
373.330000 1
373.820000 2
374.310000 3
374.800000 4
375.290000 1
375.780000 2
376.280000 3
376.770000 4
377.260000 1
377.750000 2
378.240000 3
378.740000 4
379.230000 1
379.720000 2
380.210000 3
380.700000 4
381.200000 1
381.690000 2
382.180000 3
382.670000 4
383.160000 1
383.650000 2
384.150000 3
384.640000 4
385.130000 1
385.620000 2
386.110000 3
386.600000 4
387.100000 1
387.590000 2
388.080000 3
388.570000 4
389.060000 1
389.560000 2
390.050000 3
390.540000 4
391.030000 1
391.520000 2
392.010000 3
392.510000 4
393.000000 1
393.490000 2
393.980000 3
394.470000 4
394.960000 1
395.460000 2
395.950000 3
396.440000 4
396.930000 1
397.420000 2
397.920000 3
398.410000 4
398.900000 1
399.390000 2
399.880000 3
400.380000 4
400.870000 1
401.360000 2
401.850000 3
402.340000 4
402.830000 1
403.320000 2
403.820000 3
404.310000 4
404.800000 1
405.290000 2
405.780000 3
406.280000 4
406.770000 1
407.260000 2
407.750000 3
408.240000 4
408.740000 1
409.230000 2
409.720000 3
410.210000 4
410.700000 1
411.190000 2
411.690000 3
412.180000 4
412.670000 1
413.160000 2
413.650000 3
414.140000 4
414.640000 1
415.130000 2
415.620000 3
416.110000 4
416.600000 1
417.100000 2
417.590000 3
418.080000 4
418.570000 1
419.060000 2
419.560000 3
420.050000 4
420.540000 1
421.030000 2
421.520000 3
422.010000 4
422.510000 1
423.000000 2
423.490000 3
423.980000 4
424.470000 1
424.970000 2
425.460000 3
425.950000 4
426.440000 1
426.930000 2
427.420000 3
427.920000 4
428.410000 1
428.900000 2
429.390000 3
429.880000 4
430.370000 1
430.870000 2
431.360000 3
431.850000 4
432.340000 1
432.830000 2
433.330000 3
433.820000 4
434.310000 1
434.800000 2
435.290000 3
435.780000 4
436.280000 1
436.770000 2
437.260000 3
437.750000 4
438.240000 1
438.740000 2
439.230000 3
439.720000 4
440.210000 1
440.710000 2
441.200000 3
441.690000 4
442.180000 1
442.670000 2
443.160000 3
443.660000 4
444.150000 1
444.640000 2
445.130000 3
445.620000 4
446.110000 1
446.600000 2
447.100000 3
447.590000 4
448.080000 1
448.570000 2
449.060000 3
449.560000 4
450.050000 1
450.540000 2
451.030000 3
451.520000 4
452.020000 1
452.510000 2
453.000000 3
453.490000 4
453.980000 1
454.470000 2
454.970000 3
455.460000 4
455.950000 1
456.440000 2
456.930000 3
457.430000 4
457.920000 1
458.410000 2
458.900000 3
459.390000 4
459.880000 1
460.380000 2
460.870000 3
461.360000 4
461.850000 1
462.340000 2
462.830000 3
463.330000 4
463.820000 1
464.310000 2
464.800000 3
465.290000 4
465.780000 1
466.280000 2
466.770000 3
467.260000 4
467.750000 1
468.240000 2
468.740000 3
469.230000 4
469.720000 1
470.210000 2
470.700000 3
471.190000 4
471.690000 1
472.180000 2
472.670000 3
473.160000 4
473.650000 1
474.140000 2
474.640000 3
475.130000 4
475.620000 1
476.110000 2
476.600000 3
477.100000 4
477.590000 1
478.080000 2
478.570000 3
479.060000 4
479.550000 1
480.050000 2
480.540000 3
481.030000 4
481.520000 1
482.010000 2
482.510000 3
483.000000 4
483.490000 1
483.980000 2
484.470000 3
484.960000 4
485.460000 1
485.950000 2
486.440000 3
486.930000 4
487.420000 1
487.910000 2
488.410000 3
488.900000 4
489.390000 1
489.880000 2
490.370000 3
490.870000 4
491.360000 1
491.850000 2
492.340000 3
492.830000 4
493.320000 1
493.820000 2
494.310000 3
494.800000 4
495.290000 1
495.780000 2
496.280000 3
496.770000 4
497.260000 1
497.750000 2
498.240000 3
498.730000 4
499.230000 1
499.720000 2
500.210000 3
500.700000 4
501.190000 1
501.680000 2
502.180000 3
502.670000 4
503.160000 1
503.650000 2
504.140000 3
504.640000 4
505.130000 1
505.620000 2
506.110000 3
506.600000 4
507.100000 1
507.590000 2
508.080000 3
508.570000 4
509.060000 1
509.550000 2
510.050000 3
510.540000 4
511.030000 1
511.520000 2
512.010000 3
512.510000 4
513.000000 1
513.490000 2
513.980000 3
514.470000 4
514.960000 1
515.460000 2
515.950000 3
516.440000 4
516.930000 1
517.420000 2
517.920000 3
518.410000 4
518.900000 1
519.390000 2
519.880000 3
520.370000 4
520.870000 1
521.360000 2
521.850000 3
522.340000 4
522.830000 1
523.320000 2
523.820000 3
524.310000 4
524.800000 1
525.290000 2
525.780000 3
526.280000 4
526.770000 1
527.260000 2
527.750000 3
528.240000 4
528.740000 1
529.230000 2
529.720000 3
530.210000 4
530.700000 1
531.190000 2
531.690000 3
532.180000 4
532.670000 1
533.160000 2
533.650000 3
534.140000 4
534.640000 1
535.130000 2
535.620000 3
536.110000 4
536.600000 1
537.100000 2
537.590000 3
538.080000 4
538.570000 1
539.060000 2
539.550000 3
540.050000 4
540.540000 1
541.030000 2
541.520000 3
542.010000 4
542.510000 1
543.000000 2
543.490000 3
543.980000 4
544.470000 1
544.960000 2
545.460000 3
545.950000 4
546.440000 1
546.930000 2
547.420000 3
547.910000 4
548.410000 1
548.900000 2
549.390000 3
549.880000 4
550.370000 1
