0.034830 1
0.499229 2
0.963628 3
1.428027 4
1.892426 1
2.345215 2
2.809615 3
3.274014 4
3.738413 1
4.191202 2
4.655601 3
5.120000 4
5.584399 1
6.037188 2
6.501587 3
6.965986 4
7.430385 1
7.883175 2
8.347574 3
8.811973 4
9.276372 1
9.729161 2
10.193560 3
10.657959 4
11.122358 1
11.575147 2
12.039546 3
12.503946 4
12.968345 1
13.421134 2
13.885533 3
14.349932 4
14.814331 1
15.267120 2
15.731519 3
16.195918 4
16.660317 1
17.113107 2
17.577506 3
18.041905 4
18.506304 1
18.959093 2
19.423492 3
19.887891 4
20.352290 1
20.805079 2
21.269478 3
21.733878 4
22.198277 1
22.651066 2
23.115465 3
23.579864 4
24.044263 1
24.497052 2
24.961451 3
25.425850 4
25.890249 1
26.343039 2
26.807438 3
27.271837 4
27.736236 1
28.189025 2
28.653424 3
29.117823 4
29.582222 1
30.046621 2
30.499410 3
30.963810 4
31.428209 1
31.880998 2
32.345397 3
32.809796 4
33.274195 1
33.726984 2
34.191383 3
34.655782 4
35.120181 1
35.572971 2
36.037370 3
36.501769 4
36.966168 1
37.418957 2
37.883356 3
38.347755 4
38.812154 1
39.264943 2
39.729342 3
40.193741 4
40.658141 1
41.110930 2
41.575329 3
42.039728 4
42.504127 1
42.956916 2
43.421315 3
43.885714 4
44.350113 1
44.802902 2
45.267302 3
45.731701 4
46.196100 1
46.648889 2
47.113288 3
47.577687 4
48.042086 1
48.494875 2
48.959274 3
49.423673 4
49.888073 1
50.352472 2
50.805261 3
51.269660 4
51.734059 1
52.198458 2
52.651247 3
53.115646 4
53.580045 1
54.044444 2
54.497234 3
54.961633 4
55.426032 1
55.890431 2
56.343220 3
56.807619 4
57.272018 1
57.736417 2
58.189206 3
58.653605 4
59.118005 1
59.582404 2
60.046803 3
60.499592 4
60.963991 1
61.428390 2
61.892789 3
62.345578 4
62.809977 1
63.274376 2
63.738776 3
64.191565 4
64.655964 1
65.120363 2
65.584762 3
66.037551 4
66.501950 1
66.966349 2
67.430748 3
67.883537 4
68.347937 1
68.812336 2
69.276735 3
69.729524 4
70.193923 1
70.658322 2
71.122721 3
71.575510 4
72.039909 1
72.504308 2
72.968707 3
73.421497 4
73.885896 1
74.350295 2
74.814694 3
75.267483 4
75.731882 1
76.196281 2
76.660680 3
77.113469 4
77.577868 1
78.042268 2
78.506667 3
78.959456 4
79.423855 1
79.888254 2
80.352653 3
80.805442 4
81.269841 1
81.734240 2
82.198639 3
82.651429 4
83.115828 1
83.580227 2
84.044626 3
84.497415 4
84.961814 1
85.426213 2
85.890612 3
86.343401 4
86.807800 1
87.272200 2
87.736599 3
88.189388 4
88.653787 1
89.118186 2
89.582585 3
90.035374 4
90.499773 1
90.964172 2
91.428571 3
91.881361 4
92.345760 1
92.810159 2
93.274558 3
93.727347 4
94.191746 1
94.656145 2
95.120544 3
95.573333 4
96.037732 1
96.502132 2
96.966531 3
97.419320 4
97.883719 1
98.348118 2
98.812517 3
99.265306 4
99.729705 1
100.194104 2
100.658503 3
101.111293 4
101.575692 1
102.040091 2
102.504490 3
102.968889 4
103.433288 1
103.886077 2
104.350476 3
104.803265 4
105.267664 1
105.732063 2
106.196463 3
106.649252 4
107.113651 1
107.578050 2
108.042449 3
108.506848 4
108.959637 1
109.424036 2
109.888435 3
110.341224 4
110.805624 1
111.270023 2
111.734422 3
112.198821 4
112.651610 1
113.116009 2
113.580408 3
114.033197 4
114.497596 1
114.961995 2
115.426395 3
115.890794 4
116.343583 1
116.807982 2
117.272381 3
117.736780 4
118.189569 1
118.653968 2
119.118367 3
119.582766 4
120.035556 1
120.499955 2
120.964354 3
121.428753 4
121.893152 1
122.345941 2
122.810340 3
123.274739 4
123.739138 1
124.191927 2
124.656327 3
125.120726 4
125.585125 1
126.037914 2
126.502313 3
126.966712 4
127.431111 1
127.883900 2
128.348299 3
128.812698 4
129.277098 1
129.729887 2
130.194286 3
130.658685 4
131.123084 1
131.575873 2
132.040272 3
132.504671 4
132.969070 1
133.421859 2
133.886259 3
134.350658 4
134.815057 1
135.279456 2
135.732245 3
136.196644 4
136.661043 1
137.125442 2
137.578231 3
138.042630 4
138.507029 1
138.971429 2
139.424218 3
139.888617 4
140.353016 1
140.817415 2
141.270204 3
141.734603 4
142.199002 1
142.663401 2
143.116190 3
143.580590 4
144.044989 1
144.509388 2
144.962177 3
145.426576 4
145.879365 1
146.343764 2
146.808163 3
147.272562 4
147.725351 1
148.201361 2
148.654150 3
149.118549 4
149.582948 1
150.047347 2
150.500136 3
150.964535 4
151.428934 1
151.881723 2
152.346122 3
152.810522 4
153.274921 1
153.727710 2
154.192109 3
154.656508 4
155.120907 1
155.573696 2
156.038095 3
156.502494 4
156.966893 1
157.419683 2
157.884082 3
158.348481 4
158.812880 1
159.265669 2
159.730068 3
160.194467 4
160.658866 1
161.111655 2
161.576054 3
162.040454 4
162.504853 1
162.969252 2
163.433651 3
163.886440 4
164.350839 1
164.815238 2
165.268027 3
165.732426 4
166.196825 1
166.661224 2
167.114014 3
167.578413 4
168.042812 1
168.495601 2
168.960000 3
169.424399 4
169.888798 1
170.341587 2
170.805986 3
171.270385 4
171.734785 1
172.187574 2
172.651973 3
173.116372 4
173.580771 1
174.045170 2
174.497959 3
174.962358 4
175.426757 1
175.891156 2
176.355556 3
176.808345 4
177.272744 1
177.737143 2
178.201542 3
178.665941 4
179.118730 1
179.583129 2
180.035918 3
180.500317 4
180.964717 1
181.429116 2
181.881905 3
182.346304 4
182.810703 1
183.275102 2
183.727891 3
184.192290 4
184.656689 1
185.121088 2
185.585488 3
186.038277 4
186.502676 1
186.967075 2
187.419864 3
187.884263 4
188.348662 1
188.813061 2
189.277460 3
189.730249 4
190.194649 1
190.659048 2
191.111837 3
191.576236 4
192.040635 1
192.505034 2
192.969433 3
193.422222 4
193.886621 1
194.351020 2
194.815420 3
195.268209 4
195.732608 1
196.197007 2
196.661406 3
197.114195 4
197.578594 1
198.042993 2
198.507392 3
198.960181 4
199.424580 1
199.888980 2
200.353379 3
200.806168 4
201.270567 1
201.734966 2
202.199365 3
202.652154 4
203.116553 1
203.580952 2
204.045351 3
204.498141 4
204.962540 1
205.426939 2
205.891338 3
206.344127 4
206.808526 1
207.272925 2
207.737324 3
208.201723 4
208.654512 1
209.118912 2
209.583311 3
210.047710 4
210.500499 1
210.964898 2
211.429297 3
211.893696 4
212.346485 1
212.810884 2
213.275283 3
213.739683 4
214.192472 1
214.656871 2
215.121270 3
215.585669 4
216.038458 1
216.502857 2
216.967256 3
217.431655 4
217.884444 1
218.348844 2
218.813243 3
219.277642 4
219.730431 1
220.194830 2
220.659229 3
221.123628 4
221.588027 1
222.040816 2
222.505215 3
222.969615 4
223.422404 1
223.886803 2
224.351202 3
224.815601 4
225.268390 1
225.732789 2
226.197188 3
226.661587 4
227.125986 1
227.578776 2
228.043175 3
228.507574 4
228.971973 1
229.424762 2
229.889161 3
230.353560 4
230.817959 1
231.270748 2
231.735147 3
232.199546 4
232.663946 1
233.116735 2
233.581134 3
234.045533 4
234.509932 1
234.974331 2
235.427120 3
235.891519 4
236.355918 1
236.808707 2
237.273107 3
237.737506 4
238.201905 1
238.654694 2
239.119093 3
239.583492 4
240.047891 1
240.512290 2
240.965079 3
241.429478 4
241.893878 1
242.346667 2
242.811066 3
243.275465 4
243.739864 1
244.192653 2
244.657052 3
245.121451 4
245.585850 1
246.038639 2
246.503039 3
246.967438 4
247.431837 1
247.896236 2
248.349025 3
248.813424 4
249.277823 1
249.742222 2
250.195011 3
250.659410 4
251.123810 1
251.588209 2
252.040998 3
252.505397 4
252.969796 1
253.422585 2
253.886984 3
254.351383 4
254.815782 1
255.280181 2
255.732971 3
256.197370 4
256.661769 1
257.114558 2
257.578957 3
258.043356 4
258.507755 1
258.972154 2
259.424943 3
259.889342 4
260.353741 1
260.818141 2
261.270930 3
261.735329 4
262.199728 1
262.664127 2
263.116916 3
263.581315 4
264.045714 1
264.510113 2
264.974512 3
265.427302 4
265.891701 1
266.356100 2
266.808889 3
267.273288 4
267.737687 1
268.202086 2
268.654875 3
269.119274 4
269.583673 1
270.048073 2
270.500862 3
270.965261 4
271.429660 1
271.894059 2
272.346848 3
272.811247 4
273.275646 1
273.740045 2
274.192834 3
274.657234 4
275.121633 1
275.586032 2
276.038821 3
276.503220 4
276.967619 1
277.432018 2
277.884807 3
278.349206 4
278.813605 1
279.278005 2
279.730794 3
280.195193 4
280.659592 1
281.123991 2
281.588390 3
282.041179 4
282.505578 1
282.969977 2
283.422766 3
283.887166 4
284.351565 1
284.815964 2
285.268753 3
285.733152 4
286.197551 1
286.661950 2
287.114739 3
287.579138 4
288.043537 1
288.507937 2
288.960726 3
289.425125 4
289.889524 1
290.353923 2
290.806712 3
291.271111 4
291.735510 1
292.199909 2
292.652698 3
293.117098 4
293.581497 1
294.045896 2
294.510295 3
294.963084 4
295.427483 1
295.891882 2
296.356281 3
296.809070 4
297.273469 1
297.737868 2
298.202268 3
298.655057 4
299.119456 1
299.583855 2
300.048254 3
300.512653 4
300.965442 1
301.429841 2
301.894240 3
302.358639 4
302.811429 1
303.275828 2
303.740227 3
304.204626 4
304.657415 1
305.121814 2
305.586213 3
306.050612 4
306.503401 1
306.967800 2
307.432200 3
307.896599 4
308.349388 1
308.813787 2
309.278186 3
309.742585 4
310.195374 1
310.659773 2
311.124172 3
311.588571 4
312.041361 1
312.505760 2
312.970159 3
313.434558 4
313.898957 1
314.351746 2
314.816145 3
315.280544 4
315.744943 1
316.197732 2
316.662132 3
317.126531 4
317.590930 1
318.043719 2
318.508118 3
318.972517 4
319.436916 1
319.889705 2
320.354104 3
320.818503 4
321.271293 1
321.747302 2
322.200091 3
322.664490 4
323.128889 1
323.593288 2
324.057687 3
324.510476 4
324.963265 1
325.427664 2
325.892063 3
326.356463 4
326.809252 1
327.273651 2
327.738050 3
328.202449 4
328.782948 1
329.351837 2
329.816236 3
330.269025 4
330.733424 1
331.197823 2
331.662222 3
332.115011 4
332.579410 1
333.043810 2
333.508209 3
333.972608 4
334.437007 1
334.889796 2
335.354195 3
335.806984 4
336.271383 1
336.735782 2
337.200181 3
337.664580 4
338.128980 1
338.581769 2
339.046168 3
339.510567 4
339.974966 1
340.427755 2
340.892154 3
341.356553 4
341.820952 1
342.273741 2
342.738141 3
343.190930 4
343.666939 1
344.119728 2
344.584127 3
345.048526 4
345.512925 1
345.965714 2
346.430113 3
346.894512 4
347.358912 1
347.811701 2
348.276100 3
348.740499 4
349.204898 1
349.657687 2
350.122086 3
350.574875 4
351.050884 1
351.503673 2
351.968073 3
352.432472 4
352.896871 1
353.349660 2
353.814059 3
354.278458 4
354.742857 1
355.195646 2
355.660045 3
356.124444 4
356.588844 1
357.041633 2
357.506032 3
357.970431 4
358.434830 1
358.887619 2
359.352018 3
359.816417 4
360.280816 1
360.733605 2
361.198005 3
361.662404 4
362.126803 1
362.579592 2
363.043991 3
363.508390 4
363.972789 1
364.425578 2
364.889977 3
365.354376 4
365.818776 1
366.271565 2
366.735964 3
367.200363 4
367.664762 1
368.129161 2
368.581950 3
369.046349 4
369.510748 1
369.975147 2
370.427937 3
370.892336 4
371.356735 1
371.809524 2
372.273923 3
372.738322 4
373.202721 1
373.655510 2
374.119909 3
374.584308 4
375.048707 1
375.513107 2
376.047166 3
376.558005 4
377.115283 1
377.579683 2
378.044082 3
378.508481 4
378.972880 1
379.425669 2
379.890068 3
380.354467 4
380.807256 1
381.271655 2
381.736054 3
382.200454 4
382.664853 1
383.129252 2
383.582041 3
384.046440 4
384.510839 1
384.963628 2
385.428027 3
385.892426 4
386.356825 1
386.809615 2
387.274014 3
387.738413 4
388.191202 1
388.655601 2
389.120000 3
389.584399 4
390.048798 1
390.501587 2
390.965986 3
391.430385 4
391.883175 1
392.347574 2
392.811973 3
393.276372 4
393.740771 1
394.193560 2
394.657959 3
395.122358 4
395.586757 1
396.039546 2
396.503946 3
396.968345 4
397.432744 1
397.897143 2
398.349932 3
398.814331 4
399.278730 1
399.743129 2
400.195918 3
400.660317 4
401.124717 1
401.577506 2
402.041905 3
402.506304 4
402.970703 1
403.423492 2
403.887891 3
404.352290 4
404.816689 1
405.269478 2
405.733878 3
406.198277 4
406.662676 1
407.127075 2
407.579864 3
408.044263 4
408.508662 1
408.973061 2
409.425850 3
409.890249 4
410.354649 1
410.819048 2
411.283447 3
411.736236 4
412.200635 1
412.665034 2
413.129433 3
413.582222 4
414.046621 1
414.511020 2
414.963810 3
415.428209 4
415.892608 1
416.345397 2
416.809796 3
417.274195 4
417.738594 1
418.191383 2
418.655782 3
419.120181 4
419.584580 1
420.037370 2
420.501769 3
420.966168 4
421.430567 1
421.883356 2
422.347755 3
422.812154 4
423.276553 1
423.729342 2
424.193741 3
424.658141 4
425.122540 1
425.575329 2
426.039728 3
426.504127 4
426.968526 1
427.432925 2
427.897324 3
428.350113 4
428.814512 1
429.278912 2
429.731701 3
430.196100 4
430.660499 1
431.113288 2
431.577687 3
432.042086 4
432.506485 1
432.970884 2
433.423673 3
433.888073 4
434.352472 1
434.816871 2
435.281270 3
435.734059 4
436.198458 1
436.651247 2
437.115646 3
437.580045 4
438.044444 1
438.497234 2
438.961633 3
439.426032 4
439.890431 1
440.343220 2
440.807619 3
441.272018 4
441.736417 1
442.200816 2
442.665215 3
443.118005 4
443.594014 1
444.162902 2
444.731791 3
445.196190 4
445.660590 1
446.124989 2
446.577778 3
447.042177 4
447.506576 1
447.970975 2
448.423764 3
448.888163 4
449.352562 1
449.816961 2
450.269751 3
450.734150 4
451.198549 1
451.662948 2
452.115737 3
452.580136 4
453.044535 1
453.508934 2
453.961723 3
454.426122 4
454.890522 1
455.354921 2
455.819320 3
456.283719 4
456.736508 1
457.200907 2
457.653696 3
458.118095 4
458.582494 1
459.046893 2
459.499683 3
459.964082 4
460.428481 1
460.892880 2
461.345669 3
461.810068 4
462.274467 1
462.738866 2
463.191655 3
463.656054 4
464.120454 1
464.584853 2
465.037642 3
465.502041 4
465.966440 1
466.430839 2
466.883628 3
467.348027 4
467.812426 1
468.276825 2
468.729615 3
469.194014 4
469.658413 1
470.122812 2
470.587211 3
471.051610 4
471.504399 1
471.968798 2
472.421587 3
