2.720000 3
3.230000 4
3.700000 1
4.180000 2
4.670000 3
5.130000 4
5.580000 1
6.050000 2
6.510000 3
6.980000 4
7.440000 1
7.900000 2
8.370000 3
8.830000 4
9.300000 1
9.770000 2
10.230000 3
10.700000 4
11.160000 1
11.630000 2
12.090000 3
12.560000 4
13.020000 1
13.490000 2
13.950000 3
14.420000 4
14.880000 1
15.350000 2
15.810000 3
16.270000 4
16.740000 1
17.210000 2
17.670000 3
18.140000 4
18.580000 1
19.070000 2
19.540000 3
19.990000 4
20.460000 1
20.930000 2
21.390000 3
21.860000 4
22.320000 1
22.790000 2
23.250000 3
23.720000 4
24.180000 1
24.650000 2
25.120000 3
25.580000 4
26.040000 1
26.510000 2
26.970000 3
27.440000 4
27.910000 1
28.370000 2
28.840000 3
29.300000 4
29.760000 1
30.230000 2
30.690000 3
31.160000 4
31.630000 1
32.090000 2
32.560000 3
33.020000 4
33.490000 1
33.950000 2
34.420000 3
34.880000 4
35.350000 1
35.810000 2
36.280000 3
36.740000 4
37.210000 1
37.670000 2
38.140000 3
38.600000 4
39.070000 1
39.530000 2
40.000000 3
40.460000 4
40.930000 1
41.390000 2
41.860000 3
42.320000 4
42.790000 1
43.250000 2
43.710000 3
44.180000 4
44.640000 1
45.110000 2
45.570000 3
46.040000 4
46.500000 1
46.970000 2
47.430000 3
47.900000 4
48.370000 1
48.830000 2
49.290000 3
49.760000 4
50.230000 1
50.690000 2
51.150000 3
51.620000 4
52.110000 1
52.580000 2
53.040000 3
53.510000 4
53.950000 1
54.410000 2
54.880000 3
55.340000 4
55.810000 1
56.270000 2
56.740000 3
57.200000 4
57.670000 1
58.130000 2
58.600000 3
59.060000 4
59.520000 1
59.980000 2
60.440000 3
60.910000 4
61.370000 1
61.830000 2
62.260000 3
62.670000 4
63.070000 1
63.480000 2
63.970000 3
64.450000 4
64.920000 1
65.390000 2
65.870000 3
66.360000 4
66.830000 1
67.330000 2
67.810000 3
68.260000 4
68.730000 1
69.230000 2
69.700000 3
70.170000 4
70.660000 1
71.140000 2
71.620000 3
72.090000 4
72.590000 1
73.050000 2
73.500000 3
73.980000 4
74.420000 1
74.900000 2
75.340000 3
75.800000 4
76.280000 1
76.730000 2
77.190000 3
77.640000 4
78.120000 1
78.580000 2
79.040000 3
79.480000 4
79.970000 1
80.420000 2
80.900000 3
81.380000 4
81.840000 1
82.320000 2
82.790000 3
83.240000 4
83.720000 1
84.180000 2
84.620000 3
85.080000 4
85.560000 1
86.020000 2
86.490000 3
86.950000 4
87.410000 1
87.890000 2
88.370000 3
88.830000 4
89.300000 1
89.770000 2
90.240000 3
90.690000 4
91.150000 1
91.620000 2
92.070000 3
92.540000 4
93.010000 1
93.470000 2
93.950000 3
94.400000 4
94.880000 1
95.350000 2
95.810000 3
96.280000 4
96.740000 1
97.210000 2
97.670000 3
98.140000 4
98.600000 1
99.070000 2
99.530000 3
100.000000 4
100.460000 1
100.930000 2
101.390000 3
101.860000 4
102.320000 1
102.790000 2
103.250000 3
103.720000 4
104.180000 1
104.650000 2
105.110000 3
105.580000 4
106.040000 1
106.510000 2
106.970000 3
107.440000 4
107.900000 1
108.370000 2
108.840000 3
109.300000 4
109.760000 1
110.230000 2
110.700000 3
111.160000 4
111.620000 1
112.090000 2
112.560000 3
113.020000 4
113.480000 1
113.950000 2
114.420000 3
114.880000 4
115.350000 1
115.810000 2
116.280000 3
116.740000 4
117.210000 1
117.670000 2
118.140000 3
118.600000 4
119.070000 1
119.530000 2
120.000000 3
120.460000 4
120.930000 1
121.390000 2
121.860000 3
122.320000 4
122.790000 1
123.250000 2
123.720000 3
124.180000 4
124.650000 1
125.120000 2
125.580000 3
126.040000 4
126.510000 1
126.970000 2
127.440000 3
127.900000 4
128.370000 1
128.840000 2
129.300000 3
129.770000 4
130.230000 1
130.700000 2
131.160000 3
131.630000 4
132.090000 1
132.560000 2
133.020000 3
133.490000 4
133.950000 1
134.420000 2
134.880000 3
135.350000 4
135.810000 1
136.280000 2
136.740000 3
137.210000 4
137.670000 1
138.140000 2
138.600000 3
139.070000 4
139.530000 1
140.000000 2
140.460000 3
140.930000 4
141.390000 1
141.860000 2
142.320000 3
142.790000 4
143.250000 1
143.720000 2
144.190000 3
144.650000 4
145.110000 1
145.580000 2
146.050000 3
146.510000 4
146.980000 1
147.440000 2
147.900000 3
148.370000 4
148.840000 1
149.300000 2
149.770000 3
150.230000 4
150.690000 1
151.160000 2
151.620000 3
152.090000 4
152.550000 1
153.020000 2
153.480000 3
153.950000 4
154.410000 1
154.880000 2
155.340000 3
155.810000 4
156.270000 1
156.740000 2
157.200000 3
157.670000 4
158.130000 1
158.600000 2
159.060000 3
159.530000 4
159.990000 1
160.460000 2
160.920000 3
161.390000 4
161.850000 1
162.320000 2
162.780000 3
163.250000 4
163.710000 1
164.180000 2
164.640000 3
165.110000 4
165.570000 1
