4.600000 4
5.210000 1
5.780000 2
6.370000 3
6.940000 4
7.540000 1
8.110000 2
8.700000 3
9.270000 4
9.870000 1
10.450000 2
11.030000 3
11.600000 4
12.200000 1
12.770000 2
13.360000 3
13.930000 4
14.530000 1
15.100000 2
15.690000 3
16.260000 4
16.860000 1
17.440000 2
18.020000 3
18.590000 4
19.190000 1
19.760000 2
20.350000 3
20.920000 4
21.520000 1
22.090000 2
22.680000 3
23.260000 4
23.850000 1
24.430000 2
25.020000 3
25.580000 4
26.180000 1
26.760000 2
27.350000 3
27.920000 4
28.510000 1
29.090000 2
29.680000 3
30.240000 4
30.840000 1
31.420000 2
32.000000 3
32.570000 4
33.170000 1
33.740000 2
34.340000 3
34.900000 4
35.500000 1
36.080000 2
36.670000 3
37.240000 4
37.830000 1
38.400000 2
38.990000 3
39.560000 4
40.160000 1
40.740000 2
41.320000 3
41.900000 4
42.490000 1
43.060000 2
43.660000 3
44.220000 4
44.820000 1
45.400000 2
45.990000 3
46.550000 4
47.150000 1
47.720000 2
48.310000 3
48.880000 4
49.480000 1
50.060000 2
50.640000 3
51.210000 4
51.810000 1
52.400000 2
52.980000 3
53.580000 4
54.160000 1
54.710000 2
55.300000 3
55.890000 4
56.480000 1
57.040000 2
57.620000 3
58.190000 4
58.800000 1
59.380000 2
59.960000 3
60.530000 4
61.130000 1
61.710000 2
62.300000 3
62.860000 4
63.460000 1
64.040000 2
64.630000 3
65.190000 4
65.790000 1
66.370000 2
66.960000 3
67.520000 4
68.120000 1
68.700000 2
69.290000 3
69.860000 4
70.450000 1
71.030000 2
71.620000 3
72.180000 4
72.780000 1
73.360000 2
73.950000 3
74.510000 4
75.110000 1
75.690000 2
76.280000 3
76.840000 4
77.440000 1
78.020000 2
78.610000 3
79.180000 4
79.770000 1
80.350000 2
80.940000 3
81.500000 4
82.100000 1
82.680000 2
83.270000 3
83.840000 4
84.440000 1
85.010000 2
85.600000 3
86.170000 4
86.760000 1
87.340000 2
87.930000 3
88.510000 4
89.100000 1
89.670000 2
90.260000 3
90.830000 4
91.420000 1
92.000000 2
92.590000 3
93.160000 4
93.750000 1
94.330000 2
94.920000 3
95.490000 4
96.080000 1
96.660000 2
97.240000 3
97.820000 4
98.420000 1
98.990000 2
99.580000 3
100.150000 4
100.740000 1
101.320000 2
101.910000 3
102.480000 4
103.070000 1
103.640000 2
104.240000 3
104.810000 4
105.400000 1
105.980000 2
106.570000 3
107.130000 4
107.740000 1
108.310000 2
108.900000 3
109.470000 4
110.070000 1
110.640000 2
111.230000 3
111.800000 4
112.400000 1
112.960000 2
113.560000 3
114.130000 4
114.720000 1
115.300000 2
115.890000 3
116.460000 4
117.060000 1
117.630000 2
118.220000 3
118.790000 4
119.390000 1
119.960000 2
120.550000 3
121.120000 4
121.720000 1
122.290000 2
122.880000 3
123.450000 4
124.050000 1
124.620000 2
125.210000 3
125.790000 4
126.380000 1
126.950000 2
127.540000 3
128.110000 4
128.710000 1
129.280000 2
129.870000 3
130.440000 4
131.040000 1
131.610000 2
132.200000 3
132.770000 4
133.360000 1
133.940000 2
134.530000 3
135.110000 4
135.700000 1
136.270000 2
136.860000 3
137.430000 4
138.020000 1
138.600000 2
139.180000 3
139.760000 4
140.350000 1
140.920000 2
141.510000 3
142.090000 4
142.680000 1
143.260000 2
143.850000 3
144.430000 4
145.020000 1
145.590000 2
146.180000 3
146.750000 4
147.350000 1
147.920000 2
148.510000 3
149.080000 4
149.680000 1
150.250000 2
150.840000 3
151.410000 4
152.000000 1
152.580000 2
153.170000 3
153.750000 4
154.330000 1
154.920000 2
155.510000 3
156.070000 4
156.670000 1
157.250000 2
157.840000 3
158.410000 4
159.000000 1
159.580000 2
160.170000 3
160.730000 4
161.330000 1
161.920000 2
162.500000 3
163.080000 4
163.650000 1
164.230000 2
164.830000 3
165.410000 4
165.970000 1
166.550000 2
167.140000 3
167.730000 4
168.320000 1
168.910000 2
169.470000 3
170.060000 4
170.640000 1
171.210000 2
171.800000 3
172.380000 4
172.980000 1
173.550000 2
174.150000 3
174.710000 4
175.310000 1
175.880000 2
176.470000 3
177.040000 4
177.640000 1
178.210000 2
178.800000 3
179.370000 4
179.970000 1
180.540000 2
181.130000 3
181.710000 4
182.300000 1
182.870000 2
183.470000 3
184.030000 4
184.630000 1
185.200000 2
185.790000 3
186.360000 4
186.960000 1
187.530000 2
188.120000 3
188.690000 4
189.290000 1
189.860000 2
190.450000 3
191.030000 4
191.620000 1
192.190000 2
192.790000 3
193.350000 4
193.950000 1
194.520000 2
195.110000 3
195.690000 4
196.280000 1
196.850000 2
197.440000 3
198.010000 4
198.610000 1
199.190000 2
199.770000 3
200.340000 4
200.920000 1
201.450000 2
202.020000 3
202.530000 4
203.080000 1
203.660000 2
204.250000 3
204.820000 4
205.410000 1
205.990000 2
206.580000 3
207.150000 4
207.750000 1
208.330000 2
208.910000 3
209.480000 4
210.070000 1
210.660000 2
211.240000 3
211.820000 4
212.380000 1
212.960000 2
213.550000 3
214.120000 4
214.710000 1
215.290000 2
215.880000 3
216.450000 4
217.040000 1
217.630000 2
218.210000 3
218.780000 4
219.370000 1
219.960000 2
220.540000 3
