0.080000 1
0.540000 2
1.020000 3
1.490000 4
1.960000 1
2.430000 2
2.910000 3
3.390000 4
3.850000 1
4.330000 2
4.800000 3
5.280000 4
5.740000 1
6.220000 2
6.690000 3
7.160000 4
7.640000 1
8.100000 2
8.580000 3
9.050000 4
9.520000 1
10.000000 2
10.470000 3
10.950000 4
11.420000 1
11.890000 2
12.360000 3
12.840000 4
13.310000 1
13.780000 2
14.250000 3
14.720000 4
15.190000 1
15.670000 2
16.140000 3
16.620000 4
17.080000 1
17.560000 2
18.030000 3
18.510000 4
18.980000 1
19.460000 2
19.930000 3
20.400000 4
20.870000 1
21.340000 2
21.810000 3
22.290000 4
22.760000 1
23.240000 2
23.700000 3
24.180000 4
24.650000 1
25.130000 2
25.590000 3
26.070000 4
26.540000 1
27.010000 2
27.480000 3
27.960000 4
28.430000 1
28.910000 2
29.370000 3
29.850000 4
30.320000 1
30.800000 2
31.260000 3
31.740000 4
32.210000 1
32.690000 2
33.150000 3
33.630000 4
34.100000 1
34.580000 2
35.040000 3
35.520000 4
35.980000 1
36.460000 2
36.930000 3
37.410000 4
37.880000 1
38.360000 2
38.830000 3
39.300000 4
39.770000 1
40.250000 2
40.720000 3
41.190000 4
41.660000 1
42.130000 2
42.610000 3
43.080000 4
43.550000 1
44.030000 2
44.500000 3
44.970000 4
45.440000 1
45.920000 2
46.390000 3
46.860000 4
47.330000 1
47.810000 2
48.280000 3
48.750000 4
49.220000 1
49.690000 2
50.170000 3
50.640000 4
51.110000 1
51.580000 2
52.060000 3
52.530000 4
53.000000 1
53.470000 2
53.950000 3
54.420000 4
54.890000 1
55.360000 2
55.840000 3
56.310000 4
56.780000 1
57.250000 2
57.730000 3
58.200000 4
58.670000 1
59.140000 2
59.620000 3
60.090000 4
60.560000 1
61.040000 2
61.510000 3
61.980000 4
62.450000 1
62.920000 2
63.400000 3
63.870000 4
64.340000 1
64.810000 2
65.290000 3
65.760000 4
66.230000 1
66.700000 2
67.170000 3
67.650000 4
68.120000 1
68.590000 2
69.060000 3
69.540000 4
70.000000 1
70.480000 2
70.950000 3
71.430000 4
71.890000 1
72.370000 2
72.840000 3
73.310000 4
73.780000 1
74.260000 2
74.730000 3
75.200000 4
75.680000 1
76.150000 2
76.620000 3
77.100000 4
77.560000 1
78.040000 2
78.510000 3
78.980000 4
79.450000 1
79.930000 2
80.400000 3
80.880000 4
81.340000 1
81.820000 2
82.290000 3
82.760000 4
83.240000 1
83.710000 2
84.180000 3
84.660000 4
85.130000 1
85.600000 2
86.070000 3
86.550000 4
87.020000 1
87.490000 2
87.960000 3
88.440000 4
88.910000 1
89.380000 2
89.850000 3
90.320000 4
90.800000 1
91.270000 2
91.740000 3
92.220000 4
92.690000 1
93.160000 2
93.630000 3
94.110000 4
94.580000 1
95.050000 2
95.520000 3
95.990000 4
96.460000 1
96.930000 2
97.410000 3
97.890000 4
98.360000 1
98.830000 2
99.300000 3
99.780000 4
100.250000 1
100.720000 2
101.190000 3
101.660000 4
102.140000 1
102.610000 2
103.080000 3
103.550000 4
104.030000 1
104.500000 2
104.970000 3
105.440000 4
105.920000 1
106.390000 2
106.860000 3
107.330000 4
107.810000 1
108.280000 2
108.750000 3
109.220000 4
109.700000 1
110.170000 2
110.640000 3
111.110000 4
111.580000 1
112.060000 2
112.530000 3
113.000000 4
113.470000 1
113.950000 2
114.420000 3
114.890000 4
115.360000 1
115.840000 2
116.310000 3
116.780000 4
117.260000 1
117.730000 2
118.200000 3
118.670000 4
119.140000 1
119.620000 2
120.090000 3
120.560000 4
121.030000 1
121.510000 2
121.980000 3
122.450000 4
122.920000 1
123.400000 2
123.870000 3
124.340000 4
124.810000 1
125.280000 2
125.760000 3
126.230000 4
126.700000 1
127.180000 2
127.650000 3
128.120000 4
128.590000 1
129.060000 2
129.530000 3
130.010000 4
130.470000 1
130.950000 2
131.430000 3
131.900000 4
132.370000 1
132.840000 2
133.310000 3
133.790000 4
134.250000 1
134.730000 2
135.200000 3
135.680000 4
136.140000 1
136.620000 2
137.090000 3
137.570000 4
138.040000 1
138.510000 2
138.980000 3
139.460000 4
139.920000 1
140.400000 2
140.870000 3
141.350000 4
141.820000 1
142.290000 2
142.760000 3
143.240000 4
143.710000 1
144.180000 2
144.650000 3
145.130000 4
145.600000 1
146.080000 2
146.540000 3
147.010000 4
147.490000 1
147.960000 2
148.430000 3
148.910000 4
149.380000 1
149.850000 2
150.320000 3
150.800000 4
151.270000 1
151.740000 2
152.220000 3
152.690000 4
153.160000 1
153.630000 2
154.100000 3
154.580000 4
155.050000 1
155.520000 2
155.990000 3
156.470000 4
156.940000 1
157.410000 2
157.880000 3
158.360000 4
158.830000 1
159.300000 2
159.780000 3
160.250000 4
160.720000 1
161.190000 2
161.660000 3
162.140000 4
162.610000 1
163.080000 2
163.550000 3
164.030000 4
164.500000 1
164.970000 2
165.440000 3
165.920000 4
166.390000 1
166.860000 2
167.330000 3
167.810000 4
168.280000 1
168.750000 2
169.220000 3
169.700000 4
170.170000 1
170.640000 2
171.110000 3
171.590000 4
172.060000 1
172.530000 2
173.000000 3
173.470000 4
173.950000 1
174.420000 2
174.890000 3
175.370000 4
175.840000 1
176.310000 2
176.780000 3
177.250000 4
177.720000 1
178.200000 2
178.670000 3
179.150000 4
179.610000 1
180.090000 2
180.560000 3
181.030000 4
181.510000 1
181.980000 2
182.450000 3
182.920000 4
183.400000 1
183.870000 2
184.340000 3
184.820000 4
185.280000 1
185.760000 2
186.230000 3
186.710000 4
187.170000 1
187.650000 2
188.120000 3
188.590000 4
189.060000 1
189.540000 2
190.010000 3
190.480000 4
190.950000 1
191.420000 2
191.890000 3
192.370000 4
192.830000 1
193.310000 2
193.780000 3
194.260000 4
194.730000 1
195.210000 2
195.690000 3
196.160000 4
196.630000 1
197.100000 2
197.570000 3
198.050000 4
198.510000 1
