0.220000 2
0.700000 3
1.170000 4
1.640000 1
2.110000 2
2.590000 3
3.060000 4
3.530000 1
4.000000 2
4.480000 3
4.950000 4
5.420000 1
5.900000 2
6.370000 3
6.840000 4
7.310000 1
7.790000 2
8.260000 3
8.730000 4
9.200000 1
9.680000 2
10.150000 3
10.620000 4
11.090000 1
11.570000 2
12.040000 3
12.510000 4
12.980000 1
13.460000 2
13.930000 3
14.400000 4
14.870000 1
15.340000 2
15.820000 3
16.290000 4
16.760000 1
17.230000 2
17.710000 3
18.180000 4
18.650000 1
19.120000 2
19.600000 3
20.070000 4
20.540000 1
21.010000 2
21.490000 3
21.960000 4
22.430000 1
22.900000 2
23.380000 3
23.850000 4
24.320000 1
24.790000 2
25.260000 3
25.740000 4
26.210000 1
26.680000 2
27.150000 3
27.630000 4
28.100000 1
28.570000 2
29.050000 3
29.520000 4
30.000000 1
30.470000 2
30.940000 3
31.410000 4
31.880000 1
32.350000 2
32.830000 3
33.300000 4
33.770000 1
34.240000 2
34.720000 3
35.190000 4
35.660000 1
36.130000 2
36.610000 3
37.080000 4
37.550000 1
38.020000 2
38.500000 3
38.970000 4
39.440000 1
39.910000 2
40.390000 3
40.860000 4
41.330000 1
41.800000 2
42.280000 3
42.750000 4
43.220000 1
43.690000 2
44.170000 3
44.640000 4
45.110000 1
45.580000 2
46.060000 3
46.530000 4
47.000000 1
47.470000 2
47.950000 3
48.420000 4
48.890000 1
49.360000 2
49.840000 3
50.310000 4
50.780000 1
51.250000 2
51.720000 3
52.200000 4
52.670000 1
53.140000 2
53.610000 3
54.090000 4
54.560000 1
55.030000 2
55.500000 3
55.980000 4
56.450000 1
56.920000 2
57.390000 3
57.870000 4
58.340000 1
58.810000 2
59.280000 3
59.750000 4
60.230000 1
60.700000 2
61.170000 3
61.650000 4
62.120000 1
62.590000 2
63.060000 3
63.540000 4
64.010000 1
64.480000 2
64.950000 3
65.430000 4
65.900000 1
66.370000 2
66.840000 3
67.320000 4
67.790000 1
68.260000 2
68.730000 3
69.210000 4
69.680000 1
70.150000 2
70.620000 3
71.090000 4
71.570000 1
72.040000 2
72.510000 3
72.980000 4
73.460000 1
73.930000 2
74.400000 3
74.870000 4
75.350000 1
75.820000 2
76.290000 3
76.760000 4
77.240000 1
77.710000 2
78.180000 3
78.650000 4
79.130000 1
79.600000 2
80.070000 3
80.540000 4
81.020000 1
81.490000 2
81.960000 3
82.430000 4
82.910000 1
83.380000 2
83.850000 3
84.320000 4
84.800000 1
85.270000 2
85.740000 3
86.210000 4
86.690000 1
87.160000 2
87.630000 3
88.100000 4
88.580000 1
89.040000 2
89.510000 3
89.980000 4
90.450000 1
90.940000 2
91.410000 3
91.900000 4
92.380000 1
92.830000 2
93.310000 3
93.780000 4
94.320000 1
94.810000 2
95.320000 3
95.820000 4
96.360000 1
96.820000 2
97.320000 3
97.790000 4
98.260000 1
98.740000 2
99.200000 3
99.680000 4
100.150000 1
100.620000 2
101.100000 3
101.570000 4
102.040000 1
102.510000 2
102.990000 3
103.460000 4
103.920000 1
104.400000 2
104.880000 3
105.340000 4
105.820000 1
106.290000 2
106.840000 3
107.330000 4
107.860000 1
108.400000 2
108.890000 3
109.360000 4
109.840000 1
110.310000 2
110.780000 3
111.250000 4
111.720000 1
112.200000 2
112.670000 3
113.140000 4
113.610000 1
114.090000 2
114.560000 3
115.030000 4
115.500000 1
115.980000 2
116.450000 3
116.920000 4
117.390000 1
117.870000 2
118.340000 3
118.810000 4
119.280000 1
119.760000 2
120.230000 3
120.700000 4
121.170000 1
121.650000 2
122.120000 3
122.590000 4
123.070000 1
123.530000 2
124.010000 3
124.480000 4
124.960000 1
125.430000 2
125.900000 3
126.370000 4
126.840000 1
127.320000 2
127.790000 3
128.260000 4
128.730000 1
129.210000 2
129.680000 3
130.150000 4
130.620000 1
131.090000 2
131.570000 3
132.040000 4
132.510000 1
132.990000 2
133.460000 3
133.930000 4
134.400000 1
134.880000 2
135.350000 3
135.820000 4
136.290000 1
136.760000 2
137.240000 3
137.710000 4
138.180000 1
138.650000 2
139.130000 3
139.600000 4
140.070000 1
140.550000 2
141.020000 3
141.490000 4
141.960000 1
142.430000 2
142.910000 3
143.380000 4
143.850000 1
144.320000 2
144.800000 3
145.270000 4
145.740000 1
146.210000 2
146.690000 3
147.160000 4
147.630000 1
148.100000 2
148.580000 3
149.050000 4
149.520000 1
149.990000 2
150.460000 3
150.940000 4
151.410000 1
151.880000 2
152.350000 3
152.830000 4
153.300000 1
153.780000 2
154.250000 3
154.720000 4
155.190000 1
155.660000 2
156.130000 3
156.610000 4
157.080000 1
157.550000 2
158.020000 3
158.500000 4
158.970000 1
159.440000 2
159.910000 3
160.390000 4
160.860000 1
161.330000 2
161.800000 3
162.280000 4
162.750000 1
163.220000 2
163.700000 3
164.170000 4
164.640000 1
165.110000 2
165.580000 3
166.060000 4
166.530000 1
167.000000 2
167.470000 3
167.950000 4
168.420000 1
168.890000 2
169.360000 3
169.840000 4
170.310000 1
170.780000 2
171.240000 3
171.720000 4
172.200000 1
172.670000 2
173.140000 3
173.610000 4
174.090000 1
174.560000 2
175.030000 3
175.500000 4
175.970000 1
176.440000 2
176.920000 3
177.390000 4
177.860000 1
178.340000 2
178.810000 3
179.280000 4
179.750000 1
180.220000 2
180.700000 3
181.170000 4
181.640000 1
182.120000 2
182.590000 3
183.060000 4
183.540000 1
184.010000 2
184.480000 3
184.950000 4
185.430000 1
185.900000 2
186.380000 3
186.860000 4
187.320000 1
187.790000 2
188.270000 3
188.740000 4
189.210000 1
189.690000 2
190.160000 3
190.630000 4
191.100000 1
191.570000 2
192.050000 3
192.520000 4
192.990000 1
193.460000 2
193.940000 3
194.410000 4
194.880000 1
195.350000 2
195.820000 3
196.300000 4
196.770000 1
197.240000 2
197.710000 3
198.190000 4
198.660000 1
199.130000 2
199.610000 3
200.080000 4
200.550000 1
201.030000 2
201.500000 3
201.970000 4
202.440000 1
202.910000 2
203.380000 3
203.860000 4
204.330000 1
204.800000 2
205.280000 3
205.750000 4
206.220000 1
206.690000 2
207.170000 3
207.630000 4
208.110000 1
208.580000 2
209.050000 3
209.520000 4
210.000000 1
210.470000 2
210.950000 3
211.430000 4
211.880000 1
212.360000 2
212.830000 3
213.310000 4
213.780000 1
214.250000 2
214.720000 3
215.190000 4
215.660000 1
216.140000 2
216.610000 3
217.090000 4
217.560000 1
218.030000 2
218.500000 3
218.970000 4
219.450000 1
219.920000 2
220.390000 3
220.870000 4
221.340000 1
221.810000 2
222.280000 3
222.750000 4
223.240000 1
223.700000 2
224.190000 3
224.660000 4
225.130000 1
225.600000 2
226.050000 3
226.520000 4
227.000000 1
227.480000 2
227.950000 3
228.420000 4
228.880000 1
229.350000 2
229.830000 3
230.300000 4
230.780000 1
231.250000 2
231.730000 3
232.200000 4
232.670000 1
233.150000 2
233.620000 3
234.090000 4
234.560000 1
235.030000 2
235.510000 3
235.980000 4
236.450000 1
236.920000 2
237.390000 3
237.870000 4
238.340000 1
238.810000 2
239.280000 3
239.760000 4
240.230000 1
240.700000 2
241.170000 3
241.650000 4
242.120000 1
242.590000 2
243.070000 3
243.540000 4
244.010000 1
244.480000 2
244.950000 3
245.430000 4
245.900000 1
246.370000 2
246.840000 3
247.320000 4
247.800000 1
248.260000 2
248.730000 3
249.200000 4
249.680000 1
250.150000 2
250.620000 3
251.100000 4
251.570000 1
252.040000 2
252.510000 3
252.980000 4
253.460000 1
253.930000 2
254.400000 3
254.870000 4
255.350000 1
255.820000 2
256.290000 3
256.760000 4
257.240000 1
257.710000 2
258.180000 3
258.650000 4
259.130000 1
259.600000 2
260.070000 3
260.540000 4
261.020000 1
261.490000 2
261.960000 3
262.430000 4
262.900000 1
263.380000 2
263.840000 3
264.320000 4
264.800000 1
265.270000 2
265.740000 3
266.210000 4
266.680000 1
267.160000 2
267.630000 3
268.100000 4
268.570000 1
269.050000 2
269.520000 3
269.990000 4
270.470000 1
270.940000 2
271.410000 3
271.880000 4
272.350000 1
272.830000 2
273.300000 3
273.770000 4
274.250000 1
274.720000 2
275.190000 3
275.660000 4
276.140000 1
276.610000 2
277.080000 3
277.550000 4
278.030000 1
278.500000 2
278.970000 3
279.440000 4
279.920000 1
280.390000 2
280.860000 3
281.330000 4
281.800000 1
282.280000 2
282.750000 3
283.220000 4
283.690000 1
284.170000 2
284.640000 3
285.110000 4
285.580000 1
286.060000 2
286.530000 3
287.000000 4
287.470000 1
287.950000 2
288.420000 3
288.890000 4
289.360000 1
289.840000 2
290.310000 3
290.780000 4
291.250000 1
291.730000 2
292.200000 3
292.670000 4
293.140000 1
293.620000 2
294.090000 3
294.560000 4
295.040000 1
295.510000 2
295.980000 3
296.450000 4
296.920000 1
297.400000 2
297.870000 3
298.340000 4
298.810000 1
299.290000 2
299.760000 3
300.230000 4
300.700000 1
301.180000 2
301.650000 3
302.120000 4
302.590000 1
303.060000 2
303.540000 3
304.010000 4
304.480000 1
304.840000 2
305.190000 3
305.540000 4
305.900000 1
306.260000 2
306.730000 3
307.200000 4
307.670000 1
308.140000 2
308.610000 3
309.090000 4
309.640000 1
310.150000 2
310.620000 3
311.100000 4
311.570000 1
312.040000 2
312.510000 3
312.980000 4
313.460000 1
313.930000 2
314.400000 3
314.870000 4
315.350000 1
315.820000 2
316.290000 3
316.760000 4
317.240000 1
317.710000 2
318.180000 3
318.650000 4
319.130000 1
319.600000 2
320.070000 3
320.550000 4
321.020000 1
321.490000 2
321.960000 3
322.430000 4
322.910000 1
323.380000 2
323.850000 3
324.320000 4
324.790000 1
325.270000 2
325.740000 3
326.210000 4
326.690000 1
327.160000 2
327.630000 3
328.100000 4
328.580000 1
329.050000 2
329.520000 3
329.990000 4
330.470000 1
330.940000 2
331.410000 3
331.880000 4
332.350000 1
332.830000 2
333.300000 3
333.770000 4
334.250000 1
334.720000 2
335.190000 3
335.660000 4
336.140000 1
336.610000 2
337.080000 3
337.670000 4
338.140000 1
338.620000 2
339.090000 3
339.560000 4
340.030000 1
340.500000 2
340.970000 3
341.450000 4
341.920000 1
342.390000 2
342.860000 3
343.340000 4
343.810000 1
344.280000 2
344.750000 3
345.230000 4
345.700000 1
346.170000 2
346.640000 3
347.110000 4
347.590000 1
348.060000 2
348.530000 3
349.000000 4
349.480000 1
349.950000 2
350.420000 3
350.890000 4
351.370000 1
351.840000 2
352.310000 3
352.780000 4
353.260000 1
353.730000 2
354.200000 3
354.680000 4
355.150000 1
355.620000 2
356.090000 3
356.560000 4
357.040000 1
357.510000 2
357.980000 3
358.450000 4
358.930000 1
359.400000 2
359.870000 3
360.340000 4
360.820000 1
361.290000 2
361.760000 3
362.230000 4
362.710000 1
363.180000 2
363.650000 3
364.120000 4
364.600000 1
365.070000 2
365.540000 3
366.010000 4
366.490000 1
366.960000 2
367.430000 3
367.900000 4
368.380000 1
368.850000 2
369.320000 3
369.790000 4
370.270000 1
370.740000 2
371.210000 3
371.680000 4
372.150000 1
372.630000 2
