0.010000 1
0.490000 2
0.980000 3
1.460000 4
1.950000 1
2.440000 2
2.930000 3
3.420000 4
3.900000 1
4.390000 2
4.880000 3
5.370000 4
5.860000 1
6.340000 2
6.830000 3
7.320000 4
7.810000 1
8.290000 2
8.780000 3
9.270000 4
9.760000 1
10.250000 2
10.730000 3
11.220000 4
11.710000 1
12.200000 2
12.680000 3
13.170000 4
13.660000 1
14.150000 2
14.640000 3
15.120000 4
15.610000 1
16.100000 2
16.590000 3
17.070000 4
17.560000 1
18.050000 2
18.540000 3
19.030000 4
19.510000 1
20.000000 2
20.490000 3
20.980000 4
21.460000 1
21.950000 2
22.440000 3
22.930000 4
23.420000 1
23.900000 2
24.390000 3
24.880000 4
25.370000 1
25.850000 2
26.340000 3
26.830000 4
27.320000 1
27.810000 2
28.290000 3
28.780000 4
29.270000 1
29.760000 2
30.250000 3
30.730000 4
31.220000 1
31.710000 2
32.200000 3
32.680000 4
33.170000 1
33.660000 2
34.150000 3
34.640000 4
35.120000 1
35.610000 2
36.100000 3
36.590000 4
37.070000 1
37.560000 2
38.050000 3
38.540000 4
39.030000 1
39.510000 2
40.000000 3
40.490000 4
40.980000 1
41.460000 2
41.950000 3
42.440000 4
42.930000 1
43.420000 2
43.900000 3
44.390000 4
44.880000 1
45.370000 2
45.860000 3
46.340000 4
46.830000 1
47.320000 2
47.810000 3
48.290000 4
48.780000 1
49.270000 2
49.760000 3
50.250000 4
50.730000 1
51.220000 2
51.710000 3
52.200000 4
52.680000 1
53.170000 2
53.660000 3
54.150000 4
54.640000 1
55.120000 2
55.610000 3
56.100000 4
56.590000 1
57.070000 2
57.560000 3
58.050000 4
58.540000 1
59.030000 2
59.510000 3
60.000000 4
60.490000 1
60.980000 2
61.470000 3
61.950000 4
62.440000 1
62.930000 2
63.420000 3
63.900000 4
64.390000 1
64.880000 2
65.370000 3
65.850000 4
66.340000 1
66.830000 2
67.320000 3
67.810000 4
68.290000 1
68.780000 2
69.270000 3
69.760000 4
70.250000 1
70.730000 2
71.220000 3
71.710000 4
72.200000 1
72.680000 2
73.170000 3
73.660000 4
74.150000 1
74.640000 2
75.120000 3
75.610000 4
76.100000 1
76.590000 2
77.080000 3
77.560000 4
78.050000 1
78.540000 2
79.030000 3
79.510000 4
80.000000 1
80.490000 2
80.980000 3
81.460000 4
81.950000 1
82.440000 2
82.930000 3
83.420000 4
83.900000 1
84.390000 2
84.880000 3
85.370000 4
85.860000 1
86.340000 2
86.830000 3
87.320000 4
87.810000 1
88.290000 2
88.780000 3
89.270000 4
89.760000 1
90.250000 2
90.730000 3
91.220000 4
91.710000 1
92.200000 2
92.680000 3
93.170000 4
93.660000 1
94.150000 2
94.640000 3
95.120000 4
95.610000 1
96.100000 2
96.590000 3
97.080000 4
97.560000 1
98.050000 2
98.540000 3
99.030000 4
99.510000 1
100.000000 2
100.490000 3
100.980000 4
101.470000 1
101.950000 2
102.440000 3
102.930000 4
103.420000 1
103.900000 2
104.390000 3
104.880000 4
105.370000 1
105.860000 2
106.340000 3
106.830000 4
107.320000 1
107.810000 2
108.290000 3
108.780000 4
109.270000 1
109.760000 2
110.250000 3
110.730000 4
111.220000 1
111.710000 2
112.200000 3
112.680000 4
113.170000 1
113.660000 2
114.150000 3
114.640000 4
115.120000 1
115.610000 2
116.100000 3
116.590000 4
117.070000 1
117.560000 2
118.050000 3
118.540000 4
119.030000 1
119.510000 2
120.000000 3
120.490000 4
120.980000 1
121.470000 2
121.950000 3
122.440000 4
122.930000 1
123.420000 2
123.900000 3
124.390000 4
124.880000 1
125.370000 2
125.860000 3
126.340000 4
126.830000 1
127.320000 2
127.810000 3
128.290000 4
128.780000 1
129.270000 2
129.760000 3
130.250000 4
130.730000 1
131.220000 2
131.710000 3
132.200000 4
132.680000 1
133.170000 2
133.660000 3
134.150000 4
134.640000 1
135.120000 2
135.610000 3
136.100000 4
136.590000 1
137.080000 2
137.560000 3
138.050000 4
138.540000 1
139.030000 2
139.510000 3
140.000000 4
140.490000 1
140.980000 2
141.470000 3
141.950000 4
142.440000 1
142.930000 2
143.420000 3
143.900000 4
144.390000 1
144.880000 2
145.370000 3
145.860000 4
146.340000 1
146.830000 2
147.320000 3
147.810000 4
148.290000 1
148.780000 2
149.270000 3
149.760000 4
150.250000 1
150.730000 2
151.220000 3
151.710000 4
152.200000 1
152.680000 2
153.170000 3
153.660000 4
154.150000 1
154.640000 2
155.120000 3
155.610000 4
156.100000 1
156.590000 2
157.070000 3
157.560000 4
158.050000 1
158.540000 2
159.030000 3
159.510000 4
160.000000 1
160.490000 2
160.980000 3
161.470000 4
161.950000 1
162.440000 2
162.930000 3
163.420000 4
163.900000 1
164.390000 2
164.880000 3
165.370000 4
165.860000 1
166.340000 2
166.830000 3
167.320000 4
167.810000 1
168.300000 2
168.780000 3
169.270000 4
169.760000 1
170.250000 2
170.730000 3
171.220000 4
171.710000 1
172.200000 2
172.690000 3
173.170000 4
173.660000 1
174.150000 2
174.640000 3
175.120000 4
175.610000 1
176.100000 2
176.590000 3
177.070000 4
177.560000 1
178.050000 2
178.540000 3
179.030000 4
179.510000 1
180.000000 2
180.490000 3
180.980000 4
181.470000 1
181.950000 2
182.440000 3
182.930000 4
183.420000 1
183.900000 2
184.390000 3
184.880000 4
185.370000 1
185.860000 2
186.340000 3
186.830000 4
187.320000 1
187.810000 2
188.300000 3
188.780000 4
189.270000 1
189.760000 2
190.250000 3
190.730000 4
191.220000 1
191.710000 2
192.200000 3
192.680000 4
193.170000 1
193.660000 2
194.150000 3
194.640000 4
195.120000 1
195.610000 2
196.100000 3
196.590000 4
197.080000 1
197.560000 2
198.050000 3
198.540000 4
199.030000 1
199.510000 2
200.000000 3
200.490000 4
200.980000 1
201.470000 2
201.950000 3
202.440000 4
202.930000 1
203.420000 2
203.900000 3
204.390000 4
204.880000 1
205.370000 2
205.860000 3
206.340000 4
206.830000 1
207.320000 2
207.810000 3
208.290000 4
208.780000 1
209.270000 2
209.760000 3
210.250000 4
210.730000 1
211.220000 2
211.710000 3
212.200000 4
212.690000 1
213.170000 2
213.660000 3
214.150000 4
214.640000 1
215.120000 2
215.610000 3
216.100000 4
216.590000 1
217.080000 2
217.560000 3
218.050000 4
218.540000 1
219.030000 2
219.510000 3
220.000000 4
220.490000 1
220.980000 2
221.470000 3
221.950000 4
222.440000 1
222.930000 2
223.420000 3
223.900000 4
224.390000 1
224.880000 2
225.370000 3
225.860000 4
226.340000 1
226.830000 2
227.320000 3
227.810000 4
228.300000 1
228.780000 2
229.270000 3
229.760000 4
230.250000 1
230.730000 2
231.220000 3
231.710000 4
232.200000 1
232.690000 2
233.170000 3
233.660000 4
234.150000 1
234.640000 2
235.120000 3
235.610000 4
236.100000 1
236.590000 2
237.080000 3
237.560000 4
238.050000 1
238.540000 2
239.030000 3
239.510000 4
240.000000 1
240.490000 2
240.980000 3
241.470000 4
241.950000 1
242.440000 2
242.930000 3
243.420000 4
243.900000 1
244.390000 2
244.880000 3
245.370000 4
245.860000 1
246.340000 2
246.830000 3
247.320000 4
247.810000 1
248.290000 2
248.780000 3
249.270000 4
249.760000 1
250.250000 2
250.730000 3
251.220000 4
251.710000 1
252.200000 2
252.680000 3
253.170000 4
253.660000 1
254.150000 2
254.640000 3
255.120000 4
255.610000 1
256.100000 2
256.590000 3
257.070000 4
257.560000 1
258.050000 2
258.540000 3
259.030000 4
259.510000 1
260.000000 2
260.490000 3
260.980000 4
261.460000 1
261.950000 2
262.440000 3
262.930000 4
263.420000 1
263.900000 2
264.390000 3
264.880000 4
265.370000 1
265.860000 2
266.340000 3
266.830000 4
267.320000 1
267.810000 2
268.290000 3
268.780000 4
269.270000 1
269.760000 2
270.250000 3
270.730000 4
271.220000 1
271.710000 2
272.200000 3
272.680000 4
273.170000 1
273.660000 2
274.150000 3
274.640000 4
275.120000 1
275.610000 2
276.100000 3
276.590000 4
277.080000 1
277.560000 2
278.050000 3
278.540000 4
279.030000 1
279.510000 2
280.000000 3
280.490000 4
280.980000 1
281.470000 2
281.950000 3
282.440000 4
282.930000 1
283.420000 2
283.900000 3
284.390000 4
284.880000 1
285.370000 2
285.860000 3
286.340000 4
286.830000 1
287.320000 2
287.810000 3
288.290000 4
288.780000 1
289.270000 2
289.760000 3
290.250000 4
290.730000 1
291.220000 2
291.710000 3
292.200000 4
292.680000 1
293.170000 2
293.660000 3
294.150000 4
294.640000 1
295.120000 2
295.610000 3
296.100000 4
296.590000 1
297.070000 2
297.560000 3
298.050000 4
298.540000 1
299.030000 2
299.520000 3
300.000000 4
300.490000 1
300.980000 2
301.470000 3
301.950000 4
302.440000 1
302.930000 2
303.420000 3
303.910000 4
304.390000 1
304.880000 2
305.370000 3
305.860000 4
306.340000 1
306.830000 2
307.320000 3
307.810000 4
308.290000 1
308.780000 2
309.270000 3
309.760000 4
310.250000 1
310.740000 2
311.220000 3
311.710000 4
312.200000 1
312.690000 2
313.170000 3
313.660000 4
314.150000 1
314.640000 2
315.130000 3
315.610000 4
316.100000 1
316.590000 2
317.080000 3
317.560000 4
318.050000 1
318.540000 2
319.030000 3
319.510000 4
320.000000 1
320.490000 2
320.980000 3
321.470000 4
321.950000 1
322.440000 2
322.930000 3
323.420000 4
323.900000 1
324.390000 2
324.880000 3
325.370000 4
325.860000 1
326.340000 2
326.830000 3
327.320000 4
327.810000 1
328.290000 2
328.780000 3
329.270000 4
329.760000 1
330.250000 2
330.730000 3
331.220000 4
331.710000 1
332.200000 2
332.680000 3
333.170000 4
333.660000 1
334.150000 2
334.640000 3
335.120000 4
335.610000 1
336.100000 2
336.590000 3
337.080000 4
337.560000 1
338.050000 2
338.540000 3
339.030000 4
339.520000 1
340.010000 2
340.490000 3
340.980000 4
341.470000 1
341.950000 2
342.440000 3
342.930000 4
343.420000 1
343.900000 2
344.390000 3
344.880000 4
345.370000 1
345.860000 2
346.340000 3
346.830000 4
347.320000 1
347.810000 2
348.290000 3
348.780000 4
349.270000 1
349.760000 2
350.250000 3
350.730000 4
351.220000 1
351.710000 2
352.200000 3
352.680000 4
353.170000 1
353.660000 2
354.150000 3
354.640000 4
355.120000 1
355.610000 2
356.100000 3
356.590000 4
357.080000 1
357.560000 2
358.050000 3
358.540000 4
359.030000 1
359.510000 2
360.000000 3
360.490000 4
360.980000 1
361.470000 2
361.950000 3
362.440000 4
362.930000 1
363.420000 2
363.900000 3
364.390000 4
364.880000 1
365.370000 2
365.860000 3
366.340000 4
366.830000 1
367.320000 2
367.810000 3
368.290000 4
368.780000 1
369.270000 2
369.760000 3
370.250000 4
370.730000 1
371.220000 2
371.710000 3
372.200000 4
372.680000 1
373.170000 2
373.660000 3
374.150000 4
374.640000 1
375.120000 2
375.610000 3
376.100000 4
376.590000 1
377.080000 2
377.560000 3
378.050000 4
378.540000 1
379.030000 2
379.520000 3
380.000000 4
380.490000 1
380.980000 2
381.470000 3
381.950000 4
382.440000 1
382.930000 2
383.420000 3
383.900000 4
384.390000 1
384.880000 2
385.370000 3
385.860000 4
386.340000 1
386.830000 2
387.320000 3
387.810000 4
388.290000 1
388.780000 2
389.270000 3
389.760000 4
390.250000 1
390.730000 2
391.220000 3
391.710000 4
392.200000 1
392.690000 2
393.170000 3
393.660000 4
394.150000 1
394.640000 2
395.130000 3
395.610000 4
396.100000 1
396.590000 2
397.080000 3
397.560000 4
398.050000 1
398.540000 2
399.030000 3
399.510000 4
400.000000 1
400.490000 2
400.980000 3
401.470000 4
401.950000 1
402.440000 2
402.930000 3
403.420000 4
403.910000 1
404.390000 2
404.880000 3
405.370000 4
405.860000 1
406.340000 2
406.830000 3
407.320000 4
407.810000 1
408.300000 2
408.780000 3
409.270000 4
409.760000 1
410.250000 2
410.730000 3
411.220000 4
411.710000 1
412.200000 2
412.690000 3
413.170000 4
413.660000 1
414.150000 2
414.640000 3
415.120000 4
415.610000 1
416.100000 2
416.590000 3
417.080000 4
417.560000 1
418.050000 2
418.540000 3
419.030000 4
419.510000 1
420.000000 2
420.490000 3
420.980000 4
421.470000 1
421.950000 2
422.440000 3
422.930000 4
423.420000 1
423.910000 2
424.390000 3
424.880000 4
425.370000 1
425.860000 2
426.340000 3
426.830000 4
427.320000 1
427.810000 2
428.300000 3
428.780000 4
429.270000 1
429.760000 2
430.250000 3
430.730000 4
431.220000 1
431.710000 2
432.200000 3
432.680000 4
433.170000 1
433.660000 2
434.150000 3
434.640000 4
435.130000 1
435.620000 2
436.100000 3
436.600000 4
437.080000 1
437.560000 2
438.050000 3
438.540000 4
439.030000 1
439.520000 2
440.000000 3
440.490000 4
440.980000 1
441.470000 2
441.950000 3
442.440000 4
442.930000 1
443.420000 2
443.900000 3
444.390000 4
444.880000 1
445.370000 2
445.860000 3
446.340000 4
446.830000 1
447.320000 2
447.810000 3
448.290000 4
448.780000 1
449.270000 2
449.760000 3
450.240000 4
450.730000 1
451.220000 2
451.710000 3
452.200000 4
452.690000 1
453.170000 2
453.660000 3
454.150000 4
454.640000 1
455.120000 2
455.610000 3
456.100000 4
456.590000 1
457.080000 2
457.560000 3
458.050000 4
458.540000 1
459.030000 2
459.510000 3
460.000000 4
460.490000 1
460.980000 2
461.470000 3
461.950000 4
462.440000 1
462.930000 2
463.420000 3
463.900000 4
464.390000 1
464.880000 2
465.370000 3
465.860000 4
466.340000 1
466.830000 2
467.320000 3
467.810000 4
468.300000 1
468.780000 2
469.270000 3
469.760000 4
470.250000 1
470.730000 2
471.220000 3
471.710000 4
472.200000 1
472.690000 2
473.170000 3
473.660000 4
474.150000 1
474.640000 2
475.120000 3
475.610000 4
476.100000 1
476.590000 2
477.080000 3
477.560000 4
478.050000 1
478.540000 2
479.030000 3
479.510000 4
480.000000 1
480.490000 2
480.980000 3
481.470000 4
481.950000 1
482.440000 2
482.930000 3
483.420000 4
483.900000 1
484.390000 2
484.880000 3
485.370000 4
485.860000 1
486.340000 2
486.830000 3
487.320000 4
487.810000 1
488.300000 2
488.780000 3
489.270000 4
489.760000 1
490.250000 2
490.730000 3
491.220000 4
491.710000 1
492.200000 2
492.690000 3
493.170000 4
493.660000 1
494.150000 2
494.640000 3
495.120000 4
495.610000 1
496.100000 2
496.590000 3
497.080000 4
497.560000 1
498.050000 2
498.540000 3
499.030000 4
499.510000 1
500.000000 2
500.490000 3
500.980000 4
501.470000 1
501.950000 2
502.440000 3
502.930000 4
503.420000 1
503.900000 2
504.390000 3
504.880000 4
505.370000 1
505.860000 2
506.340000 3
506.830000 4
507.320000 1
507.810000 2
508.290000 3
508.780000 4
509.270000 1
509.760000 2
510.250000 3
510.730000 4
511.220000 1
511.710000 2
512.200000 3
512.680000 4
513.170000 1
513.660000 2
514.150000 3
514.640000 4
515.120000 1
515.610000 2
516.100000 3
516.590000 4
517.070000 1
517.560000 2
518.050000 3
518.540000 4
519.030000 1
519.510000 2
520.000000 3
520.490000 4
520.980000 1
521.460000 2
521.950000 3
522.440000 4
522.930000 1
523.420000 2
523.900000 3
524.390000 4
524.880000 1
525.370000 2
525.860000 3
526.340000 4
526.830000 1
527.320000 2
527.810000 3
528.290000 4
528.780000 1
529.270000 2
529.760000 3
530.250000 4
530.730000 1
531.220000 2
531.710000 3
532.200000 4
532.680000 1
533.170000 2
533.660000 3
534.150000 4
534.640000 1
535.120000 2
535.610000 3
536.100000 4
536.590000 1
537.070000 2
537.560000 3
538.050000 4
538.540000 1
539.030000 2
539.510000 3
540.000000 4
540.490000 1
540.980000 2
541.460000 3
541.950000 4
542.440000 1
542.930000 2
543.420000 3
543.900000 4
544.390000 1
544.880000 2
545.370000 3
545.860000 4
546.340000 1
546.820000 2
