0.040000 4
0.420000 1
0.790000 2
1.170000 3
1.540000 4
1.910000 1
2.290000 2
2.670000 3
3.040000 4
3.420000 1
3.790000 2
4.170000 3
4.540000 4
4.920000 1
5.290000 2
5.670000 3
6.040000 4
6.420000 1
6.790000 2
7.170000 3
7.540000 4
7.920000 1
8.290000 2
8.670000 3
9.040000 4
9.420000 1
9.790000 2
10.170000 3
10.540000 4
10.920000 1
11.290000 2
11.660000 3
12.040000 4
12.420000 1
12.790000 2
13.170000 3
13.540000 4
13.920000 1
14.290000 2
14.670000 3
15.040000 4
15.420000 1
15.790000 2
16.170000 3
16.540000 4
16.920000 1
17.290000 2
17.670000 3
18.040000 4
18.420000 1
18.790000 2
19.170000 3
19.540000 4
19.920000 1
20.290000 2
20.670000 3
21.040000 4
21.420000 1
21.790000 2
22.170000 3
22.540000 4
22.920000 1
23.290000 2
23.660000 3
24.040000 4
24.420000 1
24.790000 2
25.170000 3
25.540000 4
25.920000 1
26.290000 2
26.670000 3
27.040000 4
27.420000 1
27.790000 2
28.170000 3
28.540000 4
28.920000 1
29.290000 2
29.670000 3
30.040000 4
30.420000 1
30.790000 2
31.170000 3
31.540000 4
31.920000 1
32.290000 2
32.670000 3
33.040000 4
33.420000 1
33.790000 2
34.170000 3
34.540000 4
34.920000 1
35.290000 2
35.660000 3
36.040000 4
36.420000 1
36.790000 2
37.170000 3
37.540000 4
37.920000 1
38.290000 2
38.670000 3
39.040000 4
39.420000 1
39.800000 2
40.170000 3
40.550000 4
40.920000 1
41.290000 2
41.670000 3
42.040000 4
42.420000 1
42.800000 2
43.170000 3
43.540000 4
43.920000 1
44.290000 2
44.670000 3
45.040000 4
45.420000 1
45.800000 2
46.170000 3
46.550000 4
46.920000 1
47.290000 2
47.660000 3
48.040000 4
48.430000 1
48.790000 2
49.160000 3
49.530000 4
49.920000 1
50.290000 2
50.660000 3
51.020000 4
51.380000 1
51.740000 2
52.090000 3
52.460000 4
52.800000 1
53.170000 2
53.520000 3
53.880000 4
54.240000 1
54.620000 2
54.980000 3
55.350000 4
55.740000 1
56.080000 2
56.440000 3
56.790000 4
57.120000 1
57.470000 2
57.830000 3
58.190000 4
58.570000 1
58.930000 2
59.290000 3
59.670000 4
60.040000 1
60.420000 2
60.790000 3
61.170000 4
61.540000 1
61.920000 2
62.290000 3
62.660000 4
63.030000 1
63.420000 2
63.790000 3
64.170000 4
64.540000 1
64.920000 2
65.290000 3
65.660000 4
66.030000 1
66.420000 2
66.790000 3
67.160000 4
67.540000 1
67.920000 2
68.290000 3
68.650000 4
69.030000 1
69.410000 2
69.790000 3
70.160000 4
70.540000 1
70.920000 2
71.290000 3
71.650000 4
72.040000 1
72.410000 2
72.790000 3
73.150000 4
73.530000 1
73.920000 2
74.310000 3
74.660000 4
75.040000 1
75.410000 2
75.790000 3
76.170000 4
76.540000 1
76.920000 2
77.290000 3
77.680000 4
78.040000 1
78.410000 2
78.790000 3
79.150000 4
79.530000 1
79.910000 2
80.310000 3
80.680000 4
81.030000 1
81.410000 2
81.790000 3
82.160000 4
82.540000 1
82.920000 2
83.290000 3
83.670000 4
84.040000 1
84.410000 2
84.790000 3
85.160000 4
85.540000 1
85.910000 2
86.290000 3
86.660000 4
87.040000 1
87.410000 2
87.790000 3
88.170000 4
88.540000 1
88.920000 2
89.290000 3
89.670000 4
90.040000 1
90.410000 2
90.790000 3
91.160000 4
91.540000 1
91.910000 2
92.290000 3
92.660000 4
93.040000 1
93.410000 2
93.790000 3
94.170000 4
94.540000 1
94.910000 2
95.290000 3
95.670000 4
96.040000 1
96.410000 2
96.790000 3
97.170000 4
97.540000 1
97.920000 2
98.290000 3
98.670000 4
99.040000 1
99.420000 2
99.790000 3
100.170000 4
100.540000 1
100.920000 2
101.290000 3
101.670000 4
102.040000 1
102.420000 2
102.790000 3
103.170000 4
103.540000 1
103.920000 2
104.290000 3
104.670000 4
105.040000 1
105.420000 2
105.790000 3
106.170000 4
106.540000 1
106.920000 2
107.290000 3
107.680000 4
108.040000 1
108.420000 2
108.790000 3
109.170000 4
109.540000 1
109.920000 2
110.290000 3
110.670000 4
111.040000 1
111.420000 2
111.790000 3
112.170000 4
112.540000 1
112.920000 2
113.290000 3
113.670000 4
114.040000 1
114.420000 2
114.790000 3
115.170000 4
115.540000 1
115.920000 2
116.300000 3
116.670000 4
117.040000 1
117.420000 2
117.800000 3
118.170000 4
118.550000 1
118.920000 2
119.290000 3
119.670000 4
120.040000 1
120.420000 2
120.790000 3
121.170000 4
121.540000 1
121.920000 2
122.290000 3
122.670000 4
123.040000 1
123.420000 2
123.790000 3
124.170000 4
124.540000 1
124.920000 2
125.290000 3
125.670000 4
126.040000 1
126.420000 2
126.790000 3
127.170000 4
127.540000 1
127.910000 2
128.290000 3
128.670000 4
129.040000 1
129.420000 2
129.790000 3
130.160000 4
130.540000 1
130.920000 2
131.290000 3
131.670000 4
132.040000 1
132.420000 2
132.790000 3
133.170000 4
133.540000 1
133.920000 2
134.290000 3
134.670000 4
135.040000 1
135.420000 2
135.790000 3
136.170000 4
136.540000 1
136.920000 2
137.290000 3
137.670000 4
138.040000 1
138.420000 2
138.790000 3
139.170000 4
139.540000 1
139.920000 2
140.290000 3
140.670000 4
141.040000 1
141.420000 2
141.790000 3
142.170000 4
142.540000 1
142.920000 2
143.290000 3
143.670000 4
144.040000 1
144.420000 2
144.790000 3
145.170000 4
145.540000 1
145.920000 2
146.290000 3
146.670000 4
147.040000 1
147.420000 2
147.790000 3
148.170000 4
148.540000 1
148.920000 2
149.290000 3
149.670000 4
150.040000 1
150.420000 2
150.790000 3
151.170000 4
151.540000 1
151.920000 2
152.290000 3
152.670000 4
153.040000 1
153.420000 2
153.790000 3
154.170000 4
154.540000 1
154.920000 2
155.290000 3
155.670000 4
156.040000 1
156.420000 2
156.790000 3
157.170000 4
157.540000 1
157.920000 2
158.290000 3
158.670000 4
159.040000 1
159.420000 2
159.790000 3
160.160000 4
160.540000 1
160.920000 2
161.290000 3
161.670000 4
162.040000 1
162.420000 2
162.790000 3
163.170000 4
163.540000 1
163.920000 2
164.290000 3
164.670000 4
165.040000 1
165.420000 2
165.790000 3
166.160000 4
166.540000 1
166.920000 2
167.290000 3
167.660000 4
168.040000 1
168.420000 2
168.790000 3
169.170000 4
169.540000 1
169.920000 2
170.290000 3
170.670000 4
171.040000 1
171.410000 2
171.780000 3
172.160000 4
172.540000 1
172.920000 2
173.290000 3
173.670000 4
174.040000 1
174.420000 2
174.790000 3
175.170000 4
175.540000 1
175.920000 2
176.300000 3
176.670000 4
177.050000 1
177.420000 2
177.790000 3
178.170000 4
178.540000 1
178.920000 2
179.300000 3
179.670000 4
180.050000 1
180.420000 2
180.800000 3
181.170000 4
181.550000 1
181.920000 2
182.300000 3
182.670000 4
183.050000 1
183.420000 2
183.800000 3
184.170000 4
184.550000 1
184.920000 2
185.300000 3
185.670000 4
186.050000 1
186.420000 2
186.790000 3
187.170000 4
187.540000 1
187.920000 2
188.290000 3
188.670000 4
189.040000 1
189.420000 2
189.790000 3
190.170000 4
190.540000 1
190.920000 2
191.300000 3
191.670000 4
192.040000 1
192.420000 2
192.790000 3
193.170000 4
193.540000 1
193.920000 2
194.290000 3
194.670000 4
195.040000 1
195.420000 2
195.790000 3
196.170000 4
196.540000 1
196.920000 2
197.290000 3
197.670000 4
198.040000 1
198.420000 2
198.790000 3
199.170000 4
199.540000 1
199.920000 2
200.300000 3
200.670000 4
201.040000 1
201.420000 2
201.790000 3
202.170000 4
202.540000 1
202.920000 2
203.290000 3
203.670000 4
204.040000 1
204.420000 2
204.790000 3
205.170000 4
205.540000 1
205.920000 2
206.290000 3
206.670000 4
207.040000 1
207.420000 2
207.790000 3
208.170000 4
208.540000 1
208.910000 2
209.290000 3
209.670000 4
210.040000 1
210.420000 2
210.790000 3
211.170000 4
211.540000 1
211.920000 2
212.290000 3
212.670000 4
213.040000 1
213.420000 2
213.790000 3
214.170000 4
214.540000 1
214.920000 2
215.290000 3
215.670000 4
216.040000 1
216.420000 2
216.790000 3
217.170000 4
217.540000 1
217.920000 2
218.290000 3
218.670000 4
219.040000 1
219.420000 2
219.790000 3
220.170000 4
220.540000 1
220.910000 2
221.290000 3
221.660000 4
222.040000 1
222.420000 2
222.790000 3
223.170000 4
223.540000 1
223.920000 2
224.290000 3
224.670000 4
225.040000 1
225.420000 2
225.790000 3
226.170000 4
226.540000 1
226.920000 2
227.290000 3
227.670000 4
228.040000 1
228.420000 2
228.790000 3
229.170000 4
229.540000 1
229.920000 2
230.300000 3
230.670000 4
231.050000 1
231.420000 2
231.790000 3
232.170000 4
232.550000 1
232.910000 2
233.290000 3
233.670000 4
234.040000 1
234.420000 2
