2.700000 1
3.220000 2
3.740000 3
4.260000 4
4.790000 1
5.310000 2
5.830000 3
6.350000 4
6.880000 1
7.390000 2
7.920000 3
8.440000 4
8.960000 1
9.480000 2
10.000000 3
10.530000 4
11.050000 1
11.570000 2
12.100000 3
12.610000 4
13.130000 1
13.650000 2
14.180000 3
14.700000 4
15.220000 1
15.740000 2
16.270000 3
16.790000 4
17.310000 1
17.830000 2
18.350000 3
18.870000 4
19.400000 1
19.920000 2
20.450000 3
20.970000 4
21.490000 1
22.000000 2
22.530000 3
23.050000 4
23.570000 1
24.090000 2
24.620000 3
25.140000 4
25.660000 1
26.180000 2
26.700000 3
27.220000 4
27.750000 1
28.260000 2
28.790000 3
29.310000 4
29.830000 1
30.350000 2
30.880000 3
31.390000 4
31.920000 1
32.440000 2
32.970000 3
33.490000 4
34.010000 1
34.530000 2
35.050000 3
35.570000 4
36.100000 1
36.610000 2
37.140000 3
37.660000 4
38.180000 1
38.700000 2
39.220000 3
39.740000 4
40.270000 1
40.780000 2
41.320000 3
41.830000 4
42.350000 1
42.870000 2
43.400000 3
43.920000 4
44.450000 1
44.960000 2
45.490000 3
46.010000 4
46.530000 1
47.050000 2
47.570000 3
48.090000 4
48.620000 1
49.130000 2
49.660000 3
50.180000 4
50.710000 1
51.220000 2
51.750000 3
52.270000 4
52.790000 1
53.310000 2
53.840000 3
54.360000 4
54.880000 1
55.400000 2
55.930000 3
56.440000 4
56.970000 1
57.480000 2
58.020000 3
58.530000 4
59.060000 1
59.580000 2
60.100000 3
60.620000 4
61.150000 1
61.660000 2
62.190000 3
62.710000 4
63.230000 1
63.750000 2
64.270000 3
64.790000 4
65.320000 1
65.830000 2
66.360000 3
66.880000 4
67.400000 1
67.920000 2
68.450000 3
68.970000 4
69.480000 1
70.000000 2
70.540000 3
71.060000 4
71.590000 1
72.100000 2
72.640000 3
73.150000 4
73.680000 1
74.190000 2
74.710000 3
75.230000 4
75.760000 1
76.270000 2
76.810000 3
77.320000 4
77.840000 1
78.370000 2
78.890000 3
79.410000 4
79.940000 1
80.450000 2
80.980000 3
81.500000 4
82.020000 1
82.540000 2
83.060000 3
83.580000 4
84.110000 1
84.620000 2
85.160000 3
85.670000 4
86.190000 1
86.710000 2
87.230000 3
87.760000 4
88.280000 1
88.800000 2
89.320000 3
89.840000 4
90.360000 1
90.880000 2
91.410000 3
91.920000 4
92.450000 1
92.970000 2
93.500000 3
94.020000 4
94.540000 1
95.060000 2
95.580000 3
96.110000 4
96.640000 1
97.150000 2
97.680000 3
98.190000 4
98.710000 1
99.240000 2
99.760000 3
100.280000 4
100.800000 1
101.320000 2
101.850000 3
102.370000 4
102.890000 1
103.410000 2
103.930000 3
104.450000 4
104.980000 1
105.500000 2
106.020000 3
106.540000 4
107.060000 1
107.580000 2
108.110000 3
108.630000 4
109.150000 1
109.670000 2
110.200000 3
110.720000 4
111.240000 1
111.760000 2
112.280000 3
112.800000 4
113.330000 1
113.850000 2
114.380000 3
114.890000 4
115.410000 1
115.930000 2
116.460000 3
116.980000 4
117.500000 1
118.020000 2
118.550000 3
119.070000 4
119.590000 1
120.110000 2
120.630000 3
121.150000 4
121.680000 1
122.190000 2
122.720000 3
123.240000 4
123.760000 1
124.280000 2
124.810000 3
125.320000 4
125.860000 1
126.360000 2
126.900000 3
127.410000 4
127.940000 1
128.460000 2
128.980000 3
129.500000 4
130.030000 1
130.540000 2
131.080000 3
131.590000 4
132.110000 1
132.630000 2
133.160000 3
133.670000 4
134.200000 1
134.710000 2
135.250000 3
135.760000 4
136.280000 1
136.810000 2
137.330000 3
137.850000 4
138.360000 1
138.890000 2
139.420000 3
139.960000 4
140.470000 1
140.990000 2
141.520000 3
142.030000 4
142.550000 1
143.090000 2
143.610000 3
144.120000 4
144.650000 1
145.170000 2
145.690000 3
146.210000 4
146.730000 1
147.260000 2
147.780000 3
148.300000 4
148.810000 1
149.340000 2
149.860000 3
150.390000 4
150.910000 1
151.440000 2
151.950000 3
152.470000 4
153.000000 1
153.520000 2
154.030000 3
154.550000 4
155.070000 1
155.610000 2
156.110000 3
156.650000 4
157.170000 1
157.680000 2
158.210000 3
158.730000 4
159.250000 1
159.770000 2
160.290000 3
160.810000 4
161.330000 1
161.850000 2
162.380000 3
162.900000 4
163.420000 1
163.940000 2
164.470000 3
164.990000 4
165.520000 1
166.030000 2
166.560000 3
167.080000 4
167.600000 1
168.120000 2
168.640000 3
169.160000 4
169.690000 1
170.200000 2
170.730000 3
171.250000 4
171.770000 1
172.290000 2
172.810000 3
173.330000 4
173.860000 1
174.380000 2
174.910000 3
175.420000 4
175.950000 1
176.460000 2
176.990000 3
177.510000 4
178.040000 1
178.550000 2
179.080000 3
179.600000 4
180.120000 1
180.640000 2
181.160000 3
181.680000 4
182.210000 1
182.730000 2
183.260000 3
183.770000 4
184.300000 1
184.810000 2
185.340000 3
185.860000 4
186.380000 1
186.900000 2
187.430000 3
187.950000 4
188.470000 1
188.990000 2
189.510000 3
190.030000 4
190.560000 1
191.080000 2
191.610000 3
192.120000 4
192.640000 1
193.160000 2
193.690000 3
194.210000 4
194.730000 1
195.250000 2
195.790000 3
196.300000 4
196.820000 1
197.340000 2
197.870000 3
198.390000 4
198.920000 1
199.430000 2
199.960000 3
200.480000 4
201.000000 1
201.520000 2
202.040000 3
202.560000 4
203.090000 1
203.600000 2
204.140000 3
204.650000 4
