0.370000 2
0.820000 3
1.300000 4
1.750000 1
2.220000 2
2.660000 3
3.130000 4
3.600000 1
4.090000 2
4.540000 3
5.030000 4
5.480000 1
5.970000 2
6.440000 3
6.930000 4
7.410000 1
7.870000 2
8.350000 3
8.830000 4
9.280000 1
9.690000 2
10.110000 3
10.520000 4
10.930000 1
11.340000 2
11.750000 3
12.160000 4
12.590000 1
13.010000 2
13.430000 3
13.820000 4
14.240000 1
14.650000 2
15.060000 3
15.470000 4
15.900000 1
16.320000 2
16.720000 3
17.150000 4
17.560000 1
17.990000 2
18.410000 3
18.810000 4
19.220000 1
19.640000 2
20.040000 3
20.460000 4
20.870000 1
21.300000 2
21.700000 3
22.110000 4
22.520000 1
22.940000 2
23.360000 3
23.770000 4
24.190000 1
24.580000 2
25.010000 3
25.430000 4
25.840000 1
26.260000 2
26.660000 3
27.080000 4
27.490000 1
27.910000 2
28.310000 3
28.710000 4
29.140000 1
29.560000 2
29.970000 3
30.390000 4
30.800000 1
31.210000 2
31.620000 3
32.040000 4
32.450000 1
32.870000 2
33.280000 3
33.700000 4
34.110000 1
34.520000 2
34.930000 3
35.350000 4
35.760000 1
36.180000 2
36.590000 3
37.010000 4
37.420000 1
37.830000 2
38.250000 3
38.660000 4
39.070000 1
39.490000 2
39.900000 3
40.320000 4
40.730000 1
41.150000 2
41.560000 3
41.970000 4
42.390000 1
42.800000 2
43.200000 3
43.630000 4
44.040000 1
44.450000 2
44.860000 3
45.280000 4
45.690000 1
46.110000 2
46.520000 3
46.940000 4
47.350000 1
47.770000 2
48.180000 3
48.590000 4
49.010000 1
49.420000 2
49.830000 3
50.250000 4
50.660000 1
51.070000 2
51.490000 3
51.900000 4
52.320000 1
52.730000 2
53.140000 3
53.560000 4
53.970000 1
54.390000 2
54.800000 3
55.210000 4
55.640000 1
56.050000 2
56.460000 3
56.870000 4
57.290000 1
57.700000 2
58.120000 3
58.520000 4
58.940000 1
59.330000 2
59.770000 3
60.180000 4
60.600000 1
61.010000 2
61.420000 3
61.830000 4
62.250000 1
62.670000 2
63.080000 3
63.490000 4
63.900000 1
64.320000 2
64.730000 3
65.150000 4
65.560000 1
65.970000 2
66.370000 3
66.800000 4
67.220000 1
67.640000 2
68.040000 3
68.460000 4
68.870000 1
69.280000 2
69.700000 3
70.110000 4
70.520000 1
70.940000 2
71.350000 3
71.770000 4
72.180000 1
72.590000 2
73.010000 3
73.420000 4
73.830000 1
74.250000 2
74.660000 3
75.080000 4
75.490000 1
75.900000 2
76.320000 3
76.730000 4
77.140000 1
77.560000 2
77.970000 3
78.390000 4
78.800000 1
79.220000 2
79.630000 3
80.040000 4
80.460000 1
80.880000 2
81.280000 3
81.690000 4
82.110000 1
82.520000 2
82.930000 3
83.350000 4
83.760000 1
84.180000 2
84.590000 3
85.010000 4
85.420000 1
85.830000 2
86.250000 3
86.660000 4
87.070000 1
87.490000 2
87.900000 3
88.310000 4
88.730000 1
89.140000 2
89.560000 3
89.970000 4
90.380000 1
90.800000 2
91.210000 3
91.630000 4
92.040000 1
92.460000 2
92.870000 3
93.280000 4
93.690000 1
94.110000 2
94.520000 3
94.930000 4
95.370000 1
95.760000 2
96.170000 3
96.590000 4
97.000000 1
97.420000 2
97.830000 3
98.250000 4
98.660000 1
99.080000 2
99.490000 3
99.900000 4
100.310000 1
100.730000 2
101.140000 3
101.560000 4
101.970000 1
102.390000 2
102.800000 3
103.210000 4
103.630000 1
104.040000 2
104.450000 3
104.870000 4
105.280000 1
105.700000 2
106.110000 3
106.520000 4
106.930000 1
107.350000 2
107.760000 3
108.180000 4
108.600000 1
109.020000 2
109.430000 3
109.820000 4
110.240000 1
110.650000 2
111.070000 3
111.460000 4
111.900000 1
112.300000 2
112.730000 3
113.140000 4
113.560000 1
113.990000 2
114.410000 3
114.780000 4
115.150000 1
115.520000 2
115.890000 3
116.260000 4
116.630000 1
116.990000 2
117.360000 3
