0.499229 1
0.986848 2
1.462857 3
1.950476 4
2.438095 1
2.914104 2
3.401723 3
3.889342 4
4.365351 1
4.852971 2
5.340590 3
5.816599 4
6.304218 1
6.791837 2
7.267846 3
7.755465 4
8.243084 1
8.719093 2
9.206712 3
9.694331 4
10.170340 1
10.657959 2
11.145578 3
11.621587 4
12.109206 1
12.596825 2
13.072834 3
13.560454 4
14.048073 1
14.535692 2
15.011701 3
15.499320 4
15.986939 1
16.462948 2
16.950567 3
17.438186 4
17.914195 1
18.401814 2
18.889433 3
19.365442 4
19.853061 1
20.340680 2
20.816689 3
21.304308 4
21.791927 1
22.267937 2
22.755556 3
23.243175 4
23.719184 1
24.206803 2
24.694422 3
25.170431 4
25.658050 1
26.145669 2
26.621678 3
27.109297 4
27.596916 1
28.084535 2
28.560544 3
29.048163 4
29.524172 1
30.011791 2
30.499410 3
30.987029 4
31.463039 1
31.950658 2
32.438277 3
32.914286 4
33.401905 1
33.889524 2
34.365533 3
34.853152 4
35.340771 1
35.816780 2
36.304399 3
36.792018 4
37.268027 1
37.755646 2
38.243265 3
38.719274 4
39.206893 1
39.694512 2
40.170522 3
40.658141 4
41.145760 1
41.633379 2
42.109388 3
42.597007 4
43.084626 1
43.560635 2
44.048254 3
44.535873 4
45.011882 1
45.499501 2
45.987120 3
46.463129 4
46.950748 1
47.438367 2
47.914376 3
48.401995 4
48.889615 1
49.365624 2
49.853243 3
50.340862 4
50.816871 1
51.304490 2
51.792109 3
52.268118 4
52.755737 1
53.243356 2
53.719365 3
54.206984 4
54.694603 1
55.182222 2
55.658231 3
56.145850 4
56.633469 1
57.109478 2
57.597098 3
58.084717 4
58.560726 1
59.048345 2
59.535964 3
60.011973 4
60.499592 1
60.987211 2
61.463220 3
61.950839 4
62.438458 1
62.914467 2
63.402086 3
63.889705 4
64.365714 1
64.853333 2
65.340952 3
65.816961 4
66.304580 1
66.792200 2
67.268209 3
67.755828 4
68.243447 1
68.719456 2
69.207075 3
69.694694 4
70.170703 1
70.658322 2
71.145941 3
71.633560 4
72.109569 1
72.597188 2
73.084807 3
73.560816 4
74.048435 1
74.536054 2
75.012063 3
75.499683 4
75.987302 1
76.463311 2
76.950930 3
77.438549 4
77.914558 1
78.402177 2
78.889796 3
79.377415 4
79.853424 1
80.341043 2
80.817052 3
81.304671 4
81.792290 1
82.268299 2
82.755918 3
83.243537 4
83.719546 1
84.207166 2
84.694785 3
85.182404 4
85.658413 1
86.146032 2
86.633651 3
87.109660 4
87.597279 1
88.084898 2
88.560907 3
89.048526 4
89.536145 1
90.012154 2
90.499773 3
90.987392 4
91.463401 1
91.951020 2
92.438639 3
92.926259 4
93.402268 1
93.889887 2
94.365896 3
94.853515 4
95.341134 1
95.828753 2
96.304762 3
96.792381 4
97.268390 1
97.756009 2
98.243628 3
98.731247 4
99.207256 1
99.694875 2
100.170884 3
100.658503 4
101.146122 1
101.633741 2
102.109751 3
102.597370 4
103.084989 1
103.572608 2
104.048617 3
104.536236 4
105.012245 1
105.499864 2
105.987483 3
106.475102 4
106.951111 1
107.438730 2
107.914739 3
108.402358 4
108.889977 1
109.377596 2
109.853605 3
110.341224 4
110.828844 1
111.316463 2
111.792472 3
112.280091 4
112.756100 1
113.243719 2
113.731338 3
114.218957 4
114.694966 1
115.182585 2
115.658594 3
116.146213 4
116.633832 1
117.121451 2
117.597460 3
118.085079 4
118.561088 1
119.048707 2
119.536327 3
120.023946 4
120.499955 1
120.987574 2
121.463583 3
121.951202 4
122.438821 1
122.926440 2
123.402449 3
123.890068 4
124.377687 1
124.853696 2
125.341315 3
125.828934 4
126.304943 1
126.792562 2
127.280181 3
127.756190 4
128.243810 1
128.731429 2
129.207438 3
129.695057 4
130.182676 1
130.658685 2
131.146304 3
131.633923 4
132.109932 1
132.597551 2
133.085170 3
133.561179 4
134.048798 1
134.536417 2
135.024036 3
135.500045 4
135.987664 1
136.475283 2
136.951293 3
137.438912 4
137.914921 1
138.402540 2
138.890159 3
139.377778 4
139.853787 1
140.341406 2
140.829025 3
141.305034 4
141.792653 1
142.280272 2
142.756281 3
143.243900 4
143.731519 1
144.207528 2
144.695147 3
145.182766 4
145.658776 1
146.146395 2
146.634014 3
147.110023 4
147.597642 1
148.085261 2
148.572880 3
149.048889 4
149.536508 1
150.024127 2
150.500136 3
150.987755 4
151.475374 1
151.951383 2
152.439002 3
152.926621 4
153.402630 1
153.890249 2
154.377868 3
154.853878 4
155.341497 1
155.829116 2
156.305125 3
156.792744 4
157.280363 1
157.756372 2
158.243991 3
158.731610 4
159.207619 1
159.695238 2
160.182857 3
160.658866 4
161.146485 1
161.634104 2
162.110113 3
162.597732 4
163.085351 1
163.561361 2
164.048980 3
164.536599 4
165.012608 1
165.500227 2
165.987846 3
166.475465 4
166.951474 1
167.439093 2
167.915102 3
168.402721 4
168.890340 1
169.377959 2
169.853968 3
170.341587 4
170.829206 1
171.305215 2
171.792834 3
172.280454 4
172.756463 1
173.244082 2
173.731701 3
174.207710 4
174.695329 1
175.182948 2
175.658957 3
176.146576 4
176.634195 1
177.110204 2
177.597823 3
178.085442 4
178.561451 1
179.049070 2
179.536689 3
180.012698 4
180.500317 1
180.987937 2
181.463946 3
181.951565 4
182.439184 1
182.926803 2
183.402812 3
183.890431 4
184.366440 1
184.854059 2
185.341678 3
185.829297 4
186.316916 1
186.792925 2
187.268934 3
187.768163 4
188.255782 1
188.731791 2
189.219410 3
189.695420 4
190.183039 1
190.670658 2
191.158277 3
191.634286 4
192.121905 1
192.609524 2
193.085533 3
193.561542 4
194.049161 1
194.536780 2
195.024399 3
195.500408 4
195.988027 1
196.475646 2
196.963265 3
197.439274 4
197.926893 1
198.414512 2
198.890522 3
199.378141 4
199.854150 1
200.341769 2
200.829388 3
201.305397 4
201.793016 1
202.280635 2
202.768254 3
203.244263 4
203.731882 1
204.219501 2
204.695510 3
205.183129 4
205.670748 1
206.146757 2
206.634376 3
207.121995 4
207.598005 1
208.085624 2
208.561633 3
209.049252 4
209.536871 1
210.024490 2
210.500499 3
210.988118 4
211.464127 1
211.951746 2
212.439365 3
212.926984 4
213.402993 1
213.890612 2
214.366621 3
214.854240 4
215.341859 1
215.829478 2
216.305488 3
216.793107 4
217.280726 1
217.768345 2
218.244354 3
218.731973 4
219.207982 1
219.695601 2
220.183220 3
220.670839 4
221.146848 1
221.634467 2
222.110476 3
222.598095 4
223.085714 1
223.573333 2
224.049342 3
224.536961 4
225.012971 1
225.500590 2
225.988209 3
226.475828 4
226.951837 1
227.439456 2
227.915465 3
228.403084 4
228.890703 1
229.378322 2
229.854331 3
230.341950 4
230.817959 1
231.305578 2
231.793197 3
232.280816 4
232.756825 1
233.244444 2
233.732063 3
234.208073 4
234.695692 1
235.183311 2
235.659320 3
236.146939 4
236.634558 1
237.122177 2
237.598186 3
238.085805 4
238.561814 1
239.049433 2
239.537052 3
240.013061 4
240.500680 1
240.988299 2
241.464308 3
241.951927 4
242.439546 1
242.927166 2
243.403175 3
243.890794 4
244.378413 1
244.854422 2
245.342041 3
245.829660 4
246.317279 1
246.804898 2
247.280907 3
247.756916 4
248.244535 1
248.732154 2
249.208163 3
249.695782 4
250.183401 1
250.671020 2
251.147029 3
251.634649 4
252.110658 1
252.598277 2
253.085896 3
253.561905 4
254.049524 1
254.537143 2
255.013152 3
255.500771 4
255.988390 1
256.476009 2
256.952018 3
257.439637 4
257.927256 1
258.403265 2
258.890884 3
259.378503 4
259.854512 1
260.342132 2
260.829751 3
261.305760 4
261.793379 1
262.280998 2
262.757007 3
263.244626 4
263.732245 1
264.208254 2
264.695873 3
265.183492 4
265.659501 1
266.147120 2
266.634739 3
267.110748 4
267.598367 1
268.085986 2
268.561995 3
269.049615 4
269.537234 1
270.013243 2
270.500862 3
270.988481 4
271.476100 1
271.952109 2
272.439728 3
272.927347 4
273.403356 1
273.890975 2
274.378594 3
274.854603 4
275.342222 1
275.829841 2
276.305850 3
276.793469 4
277.269478 1
277.757098 2
278.244717 3
278.732336 4
279.208345 1
279.695964 2
280.183583 3
280.671202 4
281.147211 1
281.634830 2
282.110839 3
282.598458 4
283.086077 1
283.573696 2
284.049705 3
284.537324 4
285.013333 1
285.500952 2
285.988571 3
286.464580 4
286.952200 1
287.439819 2
287.927438 3
288.403447 4
288.891066 1
289.378685 2
289.854694 3
290.342313 4
290.829932 1
291.305941 2
291.793560 3
292.281179 4
292.757188 1
293.244807 2
293.732426 3
294.208435 4
294.696054 1
295.183673 2
295.659683 3
296.147302 4
296.634921 1
297.110930 2
297.598549 3
298.086168 4
298.562177 1
299.049796 2
299.537415 3
300.013424 4
300.501043 1
300.988662 2
301.464671 3
301.952290 4
302.439909 1
302.927528 2
303.403537 3
303.891156 4
304.367166 1
304.854785 2
305.342404 3
305.830023 4
306.306032 1
306.793651 2
307.281270 3
307.757279 4
308.244898 1
308.732517 2
309.208526 3
309.696145 4
310.183764 1
310.671383 2
311.147392 3
311.635011 4
312.111020 1
312.598639 2
313.074649 3
313.562268 4
314.049887 1
314.537506 2
315.013515 3
315.501134 4
315.977143 1
316.464762 2
316.952381 3
317.440000 4
317.916009 1
318.403628 2
318.891247 3
319.378866 4
319.854875 1
320.342494 2
320.818503 3
321.317732 4
321.793741 1
322.281361 2
322.757370 3
323.244989 4
323.720998 1
324.220227 2
324.696236 3
325.172245 4
325.659864 1
326.147483 2
326.623492 3
327.111111 4
327.598730 1
328.074739 2
328.562358 3
329.049977 4
329.525986 1
330.013605 2
330.501224 3
330.977234 4
331.464853 1
331.952472 2
332.428481 3
332.916100 4
333.403719 1
333.891338 2
334.367347 3
334.854966 4
335.342585 1
335.818594 2
336.306213 3
336.793832 4
337.269841 1
337.757460 2
338.245079 3
338.721088 4
339.208707 1
339.696327 2
340.172336 3
340.659955 4
341.147574 1
341.635193 2
342.111202 3
342.598821 4
343.074830 1
343.562449 2
344.050068 3
344.537687 4
345.013696 1
345.501315 2
345.977324 3
346.464943 4
346.952562 1
347.440181 2
347.916190 3
348.403810 4
348.891429 1
349.367438 2
349.855057 3
350.342676 4
350.818685 1
351.306304 2
351.793923 3
352.269932 4
352.757551 1
353.245170 2
353.721179 3
354.208798 4
354.696417 1
355.172426 2
355.660045 3
356.147664 4
356.623673 1
357.111293 2
357.598912 3
358.074921 4
358.562540 1
359.050159 2
359.526168 3
360.013787 4
360.501406 1
360.977415 2
361.465034 3
361.952653 4
362.428662 1
362.916281 2
363.403900 3
363.879909 4
364.367528 1
364.855147 2
365.331156 3
365.818776 4
366.306395 1
366.782404 2
367.270023 3
367.757642 4
368.233651 1
368.721270 2
369.208889 3
369.684898 4
370.172517 1
370.660136 2
371.136145 3
