0.210000 1
0.630000 2
1.070000 3
1.510000 4
1.950000 1
2.400000 2
2.810000 3
3.250000 4
3.680000 1
4.110000 2
4.540000 3
4.980000 4
5.410000 1
5.850000 2
6.280000 3
6.720000 4
7.150000 1
7.590000 2
8.030000 3
8.460000 4
8.890000 1
9.330000 2
9.770000 3
10.200000 4
10.630000 1
11.070000 2
11.500000 3
11.940000 4
12.370000 1
12.810000 2
13.240000 3
13.680000 4
14.120000 1
14.550000 2
14.980000 3
15.420000 4
15.850000 1
16.290000 2
16.720000 3
17.160000 4
17.590000 1
18.020000 2
18.460000 3
18.900000 4
19.330000 1
19.760000 2
20.200000 3
20.630000 4
21.070000 1
21.500000 2
21.940000 3
22.370000 4
22.810000 1
23.230000 2
23.670000 3
24.110000 4
24.550000 1
24.980000 2
25.420000 3
25.850000 4
26.280000 1
26.720000 2
27.150000 3
27.590000 4
28.020000 1
28.460000 2
28.890000 3
29.330000 4
29.760000 1
30.200000 2
30.630000 3
31.070000 4
31.500000 1
31.940000 2
32.370000 3
32.810000 4
33.240000 1
33.680000 2
34.110000 3
34.550000 4
34.980000 1
35.420000 2
35.850000 3
36.290000 4
36.720000 1
37.150000 2
37.590000 3
38.030000 4
38.460000 1
38.900000 2
39.330000 3
39.770000 4
40.200000 1
40.630000 2
41.070000 3
41.500000 4
41.930000 1
42.370000 2
42.810000 3
43.240000 4
43.680000 1
44.110000 2
44.550000 3
44.980000 4
45.420000 1
45.850000 2
46.280000 3
46.720000 4
47.150000 1
47.590000 2
48.020000 3
48.460000 4
48.890000 1
49.330000 2
49.760000 3
50.200000 4
50.630000 1
51.070000 2
51.500000 3
51.940000 4
52.370000 1
52.810000 2
53.240000 3
53.680000 4
54.110000 1
54.550000 2
54.980000 3
55.420000 4
55.860000 1
56.280000 2
56.720000 3
57.160000 4
57.590000 1
58.050000 2
58.460000 3
58.900000 4
59.330000 1
59.760000 2
60.200000 3
60.630000 4
61.060000 1
61.500000 2
61.940000 3
62.370000 4
62.810000 1
63.230000 2
63.620000 3
64.050000 4
64.510000 1
64.980000 2
65.420000 3
65.850000 4
66.280000 1
66.720000 2
67.150000 3
67.590000 4
68.020000 1
68.460000 2
68.890000 3
69.330000 4
69.770000 1
70.200000 2
70.630000 3
71.070000 4
71.510000 1
71.940000 2
72.370000 3
72.810000 4
73.250000 1
73.680000 2
74.110000 3
74.550000 4
74.980000 1
75.420000 2
75.850000 3
76.290000 4
76.720000 1
77.160000 2
77.590000 3
78.030000 4
78.460000 1
78.900000 2
79.340000 3
79.770000 4
80.200000 1
80.640000 2
81.070000 3
81.510000 4
81.940000 1
82.380000 2
82.810000 3
83.250000 4
83.670000 1
84.110000 2
84.550000 3
84.980000 4
85.420000 1
85.850000 2
86.290000 3
86.720000 4
87.150000 1
87.590000 2
88.030000 3
88.460000 4
88.890000 1
89.330000 2
89.760000 3
90.200000 4
90.630000 1
91.070000 2
91.500000 3
91.940000 4
92.370000 1
92.810000 2
93.240000 3
93.680000 4
94.110000 1
94.550000 2
94.980000 3
95.420000 4
95.850000 1
96.290000 2
96.720000 3
97.160000 4
97.580000 1
98.020000 2
98.470000 3
98.900000 4
99.330000 1
99.790000 2
100.200000 3
100.640000 4
101.070000 1
101.500000 2
101.940000 3
102.370000 4
102.810000 1
103.240000 2
103.680000 3
104.110000 4
104.550000 1
104.980000 2
105.410000 3
105.850000 4
106.290000 1
106.720000 2
107.160000 3
107.590000 4
108.020000 1
108.460000 2
108.890000 3
109.330000 4
109.760000 1
110.200000 2
110.630000 3
111.070000 4
111.500000 1
111.940000 2
112.370000 3
112.810000 4
113.240000 1
113.670000 2
114.110000 3
114.550000 4
114.980000 1
115.420000 2
115.850000 3
116.290000 4
116.720000 1
117.150000 2
117.590000 3
118.020000 4
118.460000 1
118.900000 2
119.330000 3
119.760000 4
120.200000 1
120.630000 2
121.070000 3
121.500000 4
121.940000 1
122.370000 2
122.810000 3
123.240000 4
123.680000 1
124.110000 2
124.540000 3
124.980000 4
