1.010068 1
1.497687 2
1.985306 3
2.484535 4
2.972154 1
3.471383 2
3.959002 3
4.446621 4
4.945850 1
5.433469 2
5.921088 3
6.420317 4
6.907937 1
7.407166 2
7.894785 3
8.382404 4
8.881633 1
9.369252 2
9.856871 3
10.356100 4
10.843719 1
11.331338 2
11.830567 3
12.318186 4
12.817415 1
13.305034 2
13.792653 3
14.291882 4
14.779501 1
15.267120 2
15.754739 3
16.184308 4
16.625488 1
17.113107 2
17.612336 3
18.099955 4
18.587574 1
19.086803 2
19.574422 3
20.062041 4
20.561270 1
21.048889 2
21.548118 3
22.035737 4
22.523356 1
23.022585 2
23.510204 3
23.997823 4
24.497052 1
24.984671 2
25.483900 3
25.971519 4
26.459138 1
26.958367 2
27.445986 3
27.933605 4
28.432834 1
28.932063 2
29.419683 3
29.907302 4
30.418141 1
30.998639 2
31.486259 3
31.973878 4
32.473107 1
32.960726 2
33.459955 3
33.947574 4
34.435193 1
34.934422 2
35.422041 3
35.909660 4
36.408889 1
36.896508 2
37.384127 3
37.883356 4
38.370975 1
38.870204 2
39.357823 3
39.845442 4
40.344671 1
40.832290 2
41.319909 3
41.819138 4
42.306757 1
42.794376 2
43.293605 3
43.781224 4
44.268844 1
44.768073 2
45.255692 3
45.754921 4
46.242540 1
46.730159 2
47.229388 3
47.717007 4
48.216236 1
48.703855 2
49.191474 3
49.679093 4
50.178322 1
50.665941 2
51.165170 3
51.652789 4
52.140408 1
52.639637 2
53.127256 3
53.614875 4
54.114104 1
54.601723 2
55.100952 3
55.588571 4
56.076190 1
56.575420 2
57.063039 3
57.550658 4
58.049887 1
58.537506 2
59.025125 3
59.524354 4
60.011973 1
60.511202 2
60.998821 3
61.381950 4
61.753469 1
62.229478 2
62.717098 3
63.216327 4
63.703946 1
64.203175 2
64.690794 3
65.178413 4
65.677642 1
66.165261 2
66.652880 3
67.152109 4
67.639728 1
68.138957 2
68.626576 3
69.114195 4
69.613424 1
70.101043 2
70.588662 3
71.087891 4
71.575510 1
72.063129 2
72.562358 3
73.049977 4
73.549206 1
74.036825 2
74.524444 3
75.012063 4
75.511293 1
76.010522 2
76.498141 3
76.985760 4
77.473379 1
77.972608 2
78.460227 3
78.959456 4
79.447075 1
79.934694 2
80.433923 3
80.921542 4
81.409161 1
81.908390 2
82.396009 3
82.883628 4
83.382857 1
83.870476 2
84.369705 3
84.857324 4
85.344943 1
85.844172 2
86.331791 3
86.819410 4
87.318639 1
87.806259 2
88.293878 3
88.793107 4
89.280726 1
89.768345 2
90.267574 3
90.755193 4
91.254422 1
91.742041 2
92.229660 3
92.728889 4
93.216508 1
93.704127 2
94.203356 3
94.690975 4
95.190204 1
95.677823 2
96.165442 3
96.653061 4
97.152290 1
97.639909 2
98.127528 3
98.626757 4
99.114376 1
99.613605 2
100.101224 3
100.588844 4
101.088073 1
101.575692 2
102.063311 3
102.562540 4
103.050159 1
103.549388 2
104.037007 3
104.524626 4
105.023855 1
105.511474 2
105.999093 3
106.498322 4
106.985941 1
107.485170 2
107.972789 3
108.460408 4
108.959637 1
109.447256 2
109.934875 3
110.434104 4
110.921723 1
111.409342 2
111.908571 3
112.396190 4
112.883810 1
113.383039 2
113.870658 3
114.358277 4
114.857506 1
115.345125 2
115.844354 3
116.331973 4
116.819592 1
117.318821 2
117.806440 3
118.294059 4
118.793288 1
119.280907 2
119.780136 3
120.267755 4
120.755374 1
121.254603 2
121.742222 3
122.229841 4
122.729070 1
123.216689 2
123.715918 3
124.203537 4
124.691156 1
125.178776 2
125.678005 3
126.165624 4
126.664853 1
127.152472 2
127.640091 3
128.127710 4
128.626939 1
129.114558 2
129.602177 3
130.101406 4
130.589025 1
131.088254 2
131.575873 3
132.063492 4
132.562721 1
133.050340 2
133.537959 3
134.037188 4
134.524807 1
135.024036 2
135.511655 3
135.999274 4
136.498503 1
136.986122 2
137.473741 3
137.972971 4
138.460590 1
138.959819 2
139.447438 3
139.946667 4
140.434286 1
140.921905 2
141.409524 3
141.908753 4
142.396372 1
142.883991 2
143.383220 3
143.870839 4
144.358458 1
144.857687 2
145.345306 3
145.844535 4
146.332154 1
146.819773 2
147.319002 3
147.806621 4
148.305850 1
148.793469 2
149.281088 3
149.768707 4
150.267937 1
150.755556 2
151.254785 3
151.742404 4
152.230023 1
152.729252 2
153.216871 3
153.704490 4
154.203719 1
154.691338 2
155.190567 3
155.678186 4
156.165805 1
156.665034 2
157.152653 3
157.640272 4
158.139501 1
158.627120 2
159.114739 3
159.613968 4
160.101587 1
160.589206 2
161.088435 3
161.576054 4
162.075283 1
162.562902 2
163.050522 3
163.549751 4
164.037370 1
164.524989 2
165.024218 3
165.511837 4
165.999456 1
166.498685 2
166.997914 3
167.485533 4
167.973152 1
168.460771 2
168.948390 3
169.447619 4
169.935238 1
170.434467 2
170.922086 3
171.421315 4
171.908934 1
172.408163 2
172.895782 3
173.383401 4
173.871020 1
174.358639 2
174.857868 3
175.345488 4
175.844717 1
176.332336 2
176.819955 3
177.319184 4
177.806803 1
178.294422 2
178.793651 3
179.281270 4
179.780499 1
180.268118 2
180.755737 3
181.254966 4
181.742585 1
182.230204 2
182.729433 3
183.217052 4
183.716281 1
184.203900 2
184.691519 3
185.190748 4
185.678367 1
186.165986 2
186.618776 3
187.071565 4
187.535964 1
188.000363 2
188.464762 3
188.917551 4
189.370340 1
189.857959 2
190.345578 3
190.833197 4
191.332426 1
191.820045 2
192.319274 3
192.806893 4
193.294512 1
193.793741 2
194.281361 3
194.768980 4
195.268209 1
195.755828 2
196.243447 3
196.742676 4
197.230295 1
197.729524 2
198.217143 3
198.704762 4
199.203991 1
199.691610 2
200.179229 3
200.666848 4
201.166077 1
201.653696 2
202.152925 3
202.640544 4
203.128163 1
203.627392 2
204.115011 3
204.614240 4
205.101859 1
205.601088 2
206.088707 3
206.576327 4
207.075556 1
207.563175 2
208.050794 3
208.538413 4
209.037642 1
209.536871 2
210.024490 3
210.512109 4
210.999728 1
211.498957 2
211.986576 3
212.474195 4
212.973424 1
213.461043 2
213.960272 3
214.447891 4
214.935510 1
215.434739 2
215.922358 3
216.409977 4
216.909206 1
217.396825 2
217.884444 3
218.372063 4
218.871293 1
219.370522 2
219.846531 3
220.276100 4
220.717279 1
221.146848 2
221.588027 3
222.075646 4
222.563265 1
223.062494 2
223.550113 3
224.037732 4
224.525351 1
225.024580 2
225.512200 3
225.999819 4
226.499048 1
226.986667 2
227.485896 3
227.973515 4
228.472744 1
228.960363 2
229.447982 3
229.935601 4
230.434830 1
230.922449 2
231.410068 3
231.909297 4
232.396916 1
232.896145 2
233.383764 3
233.871383 4
234.370612 1
234.858231 2
235.345850 3
235.845079 4
236.332698 1
236.831927 2
237.319546 3
237.807166 4
238.294785 1
238.794014 2
239.281633 3
239.769252 4
240.268481 1
240.767710 2
241.255329 3
241.742948 4
242.230567 1
242.729796 2
243.217415 3
243.705034 4
244.204263 1
244.691882 2
245.191111 3
245.678730 4
246.166349 1
246.665578 2
247.153197 3
247.640816 4
248.140045 1
248.627664 2
249.115283 3
249.614512 4
250.102132 1
250.589751 2
251.088980 3
251.576599 4
252.052608 1
252.517007 2
252.981406 3
253.445805 4
253.910204 1
254.374603 2
254.839002 3
255.303401 4
255.767800 1
256.255420 2
256.743039 3
257.230658 4
257.718277 1
258.217506 2
258.705125 3
259.192744 4
259.691973 1
260.179592 2
260.678821 3
261.166440 4
261.654059 1
262.153288 2
262.640907 3
263.128526 4
263.627755 1
264.115374 2
264.602993 3
265.102222 4
265.589841 1
266.089070 2
266.576689 3
267.064308 4
267.551927 1
268.051156 2
268.538776 3
269.038005 4
269.525624 1
270.013243 2
270.512472 3
271.000091 4
271.499320 1
271.986939 2
272.474558 3
272.973787 4
273.461406 1
273.949025 2
274.436644 3
274.819773 4
275.191293 1
275.678912 2
276.166531 3
276.665760 4
277.153379 1
277.640998 2
278.140227 3
278.627846 4
279.115465 1
279.614694 2
280.102313 3
280.601542 4
281.089161 1
281.576780 2
282.064399 3
282.563628 4
283.051247 1
283.550476 2
284.038095 3
284.525714 4
285.024943 1
285.512562 2
286.000181 3
286.499410 4
286.987029 1
287.486259 2
287.973878 3
288.461497 4
288.960726 1
289.448345 2
289.935964 3
290.435193 4
290.922812 1
291.410431 2
291.909660 3
292.397279 4
292.896508 1
293.384127 2
293.871746 3
294.370975 4
294.858594 1
295.346213 2
295.845442 3
296.333061 4
296.820680 1
297.319909 2
297.807528 3
298.306757 4
298.794376 1
299.281995 2
299.769615 3
300.268844 4
300.756463 1
301.255692 2
301.743311 3
302.230930 4
302.730159 1
303.217778 2
303.717007 3
304.204626 4
304.692245 1
305.179864 2
305.679093 3
306.166712 4
306.654331 1
307.153560 2
307.641179 3
308.140408 4
308.628027 1
309.115646 2
309.614875 3
310.102494 4
310.590113 1
311.089342 2
311.576961 3
312.076190 4
312.563810 1
313.051429 2
313.550658 3
314.038277 4
314.525896 1
315.025125 2
315.512744 3
316.011973 4
316.499592 1
316.987211 2
317.474830 3
317.974059 4
318.461678 1
318.960907 2
319.448526 3
319.936145 4
320.435374 1
320.922993 2
321.410612 3
321.909841 4
322.397460 1
322.885079 2
323.384308 3
323.871927 4
324.371156 1
324.858776 2
325.346395 3
325.845624 4
326.333243 1
326.820862 2
327.320091 3
327.807710 4
328.295329 1
328.794558 2
329.282177 3
329.769796 4
330.269025 1
330.756644 2
331.244263 3
331.743492 4
332.231111 1
332.730340 2
333.217959 3
333.717188 4
334.204807 1
334.692426 2
335.180045 3
335.679274 4
336.166893 1
336.654512 2
337.153741 3
337.641361 4
338.128980 1
338.628209 2
339.115828 3
339.615057 4
340.102676 1
340.590295 2
341.089524 3
341.577143 4
342.064762 1
342.563991 2
343.051610 3
343.550839 4
344.038458 1
344.526077 2
345.025306 3
345.512925 4
346.000544 1
346.499773 2
346.987392 3
347.486621 4
347.974240 1
348.461859 2
348.961088 3
349.448707 4
349.936327 1
350.435556 2
350.923175 3
351.422404 4
351.910023 1
352.397642 2
352.896871 3
353.384490 4
353.872109 1
354.371338 2
354.858957 3
355.346576 4
355.845805 1
356.333424 2
356.821043 3
357.320272 4
357.807891 1
358.295510 2
358.794739 3
359.282358 4
359.781587 1
360.269206 2
360.756825 3
361.256054 4
361.743673 1
362.231293 2
362.730522 3
363.218141 4
363.705760 1
364.204989 2
364.692608 3
365.180227 4
365.679456 1
366.167075 2
366.666304 3
367.153923 4
367.641542 1
368.140771 2
368.628390 3
369.116009 4
369.615238 1
370.102857 2
370.590476 3
371.089705 4
371.577324 1
372.064943 2
372.564172 3
373.051791 4
373.539410 1
374.038639 2
374.526259 3
375.013878 4
375.513107 1
376.000726 2
376.499955 3
376.987574 4
377.475193 1
377.974422 2
378.462041 3
378.949660 4
379.448889 1
379.936508 2
380.424127 3
380.923356 4
381.410975 1
381.910204 2
382.397823 3
382.885442 4
383.384671 1
383.872290 2
384.359909 3
384.859138 4
385.346757 1
385.845986 2
386.333605 3
386.821224 4
387.320454 1
387.808073 2
388.295692 3
388.794921 4
389.282540 1
389.770159 2
390.269388 3
390.757007 4
391.244626 1
391.743855 2
392.231474 3
392.719093 4
393.206712 1
393.705941 2
394.193560 3
394.692789 4
395.180408 1
395.668027 2
396.167256 3
396.654875 4
397.154104 1
397.641723 2
398.140952 3
398.628571 4
399.116190 1
399.603810 2
400.103039 3
400.590658 4
401.078277 1
401.577506 2
402.065125 3
402.552744 4
403.051973 1
403.539592 2
404.038821 3
404.526440 4
405.014059 1
405.513288 2
406.000907 3
406.488526 4
406.987755 1
407.475374 2
407.962993 3
408.462222 4
408.949841 1
409.449070 2
409.936689 3
410.424308 4
410.923537 1
411.411156 2
411.898776 3
412.398005 4
412.885624 1
413.384853 2
413.872472 3
414.360091 4
414.859320 1
415.346939 2
415.834558 3
416.322177 4
416.821406 1
417.309025 2
417.808254 3
418.295873 4
418.783492 1
419.282721 2
419.770340 3
420.269569 4
420.757188 1
421.244807 2
421.732426 3
422.231655 4
422.719274 1
423.218503 2
423.706122 3
424.193741 4
424.681361 1
425.180590 2
425.668209 3
426.167438 4
426.655057 1
427.154286 2
427.641905 3
428.129524 4
428.628753 1
429.116372 2
429.603991 3
430.056780 4
430.509569 1
430.962358 2
431.415147 3
431.867937 4
432.320726 1
432.808345 2
433.295964 3
433.795193 4
434.282812 1
434.782041 2
435.269660 3
435.745669 4
