0.510839 1
0.998458 2
1.486077 3
1.973696 4
2.461315 1
2.948934 2
3.436553 3
3.924172 4
4.411791 1
4.899410 2
5.387029 3
5.874649 4
6.362268 1
6.849887 2
7.337506 3
7.825125 4
8.312744 1
8.800363 2
9.287982 3
9.775601 4
10.263220 1
10.750839 2
11.238458 3
11.726077 4
12.213696 1
12.701315 2
13.188934 3
13.676553 4
14.164172 1
14.651791 2
15.139410 3
15.638639 4
16.114649 1
16.602268 2
17.089887 3
17.577506 4
18.065125 1
18.552744 2
19.040363 3
19.539592 4
20.015601 1
20.514830 2
20.990839 3
21.490068 4
21.966077 1
22.465306 2
22.941315 3
23.440544 4
23.928163 1
24.415782 2
24.903401 3
25.391020 4
25.878639 1
26.366259 2
26.853878 3
27.341497 4
27.829116 1
28.316735 2
28.804354 3
29.303583 4
29.779592 1
30.267211 2
30.754830 3
31.242449 4
31.730068 1
32.217687 2
32.705306 3
33.192925 4
33.680544 1
34.168163 2
34.655782 3
35.143401 4
35.631020 1
36.118639 2
36.606259 3
37.093878 4
37.581497 1
38.069116 2
38.556735 3
39.044354 4
39.531973 1
40.019592 2
40.507211 3
40.994830 4
41.482449 1
41.970068 2
42.457687 3
42.945306 4
43.432925 1
43.920544 2
44.408163 3
44.895782 4
45.383401 1
45.871020 2
46.358639 3
46.857868 4
47.333878 1
47.821497 2
48.309116 3
48.808345 4
49.284354 1
49.783583 2
50.259592 3
50.758821 4
51.246440 1
51.734059 2
52.221678 3
52.709297 4
53.196916 1
53.684535 2
54.172154 3
54.659773 4
55.147392 1
55.635011 2
56.122630 3
56.610249 4
57.097868 1
57.585488 2
58.073107 3
58.560726 4
59.048345 1
59.535964 2
60.023583 3
60.522812 4
60.998821 1
61.486440 2
61.974059 3
62.438458 4
62.914467 1
63.390476 2
63.878095 3
64.365714 4
64.841723 1
65.329342 2
65.816961 3
66.304580 4
66.838639 1
67.349478 2
67.848707 3
68.336327 4
68.823946 1
69.311565 2
69.799184 3
70.286803 4
70.762812 1
71.250431 2
71.738050 3
72.248889 4
72.724898 1
73.189297 2
73.642086 3
74.129705 4
74.628934 1
75.116553 2
75.604172 3
76.091791 4
76.579410 1
77.078639 2
77.566259 3
78.065488 4
78.564717 1
79.063946 2
79.563175 3
80.039184 4
80.515193 1
80.991202 2
81.455601 3
81.954830 4
82.454059 1
82.941678 2
83.417687 3
83.916916 4
84.404535 1
84.892154 2
85.379773 3
85.855782 4
86.355011 1
86.854240 2
87.353469 3
87.852698 4
88.340317 1
88.839546 2
89.327166 3
89.814785 4
90.302404 1
90.778413 2
91.254422 3
91.730431 4
92.218050 1
92.705669 2
93.193288 3
93.669297 4
94.168526 1
94.656145 2
95.143764 3
95.631383 4
96.119002 1
96.606621 2
97.094240 3
97.581859 4
98.069478 1
98.557098 2
99.044717 3
99.532336 4
100.019955 1
100.507574 2
100.995193 3
101.482812 4
101.970431 1
102.458050 2
102.945669 3
103.433288 4
103.920907 1
104.408526 2
104.896145 3
105.383764 4
105.871383 1
106.359002 2
106.846621 3
107.334240 4
107.821859 1
108.321088 2
108.808707 3
109.296327 4
109.783946 1
110.271565 2
110.759184 3
111.246803 4
111.734422 1
112.222041 2
112.709660 3
113.197279 4
113.684898 1
114.172517 2
114.660136 3
115.147755 4
115.635374 1
116.122993 2
116.610612 3
117.098231 4
117.585850 1
118.073469 2
118.561088 3
119.048707 4
119.536327 1
120.023946 2
120.511565 3
120.999184 4
121.486803 1
121.974422 2
122.462041 3
122.949660 4
123.437279 1
123.924898 2
124.412517 3
124.900136 4
125.387755 1
125.875374 2
126.362993 3
126.850612 4
127.338231 1
127.825850 2
128.313469 3
128.812698 4
129.288707 1
129.776327 2
130.263946 3
130.751565 4
131.239184 1
131.726803 2
132.214422 3
132.702041 4
133.189660 1
133.688889 2
134.164898 3
134.652517 4
135.140136 1
135.639365 2
136.115374 3
136.614603 4
137.090612 1
137.578231 2
138.065850 3
138.553469 4
139.041088 1
139.540317 2
140.027937 3
140.515556 4
141.003175 1
141.490794 2
141.978413 3
142.466032 4
142.953651 1
143.441270 2
143.928889 3
144.416508 4
144.904127 1
145.391746 2
145.879365 3
146.366984 4
146.854603 1
147.342222 2
147.829841 3
148.317460 4
148.805079 1
149.292698 2
149.780317 3
150.267937 4
150.755556 1
151.243175 2
151.730794 3
152.218413 4
152.706032 1
153.193651 2
153.681270 3
154.168889 4
154.656508 1
155.144127 2
155.631746 3
156.119365 4
156.606984 1
157.094603 2
157.582222 3
158.069841 4
158.557460 1
159.045079 2
159.532698 3
160.020317 4
160.507937 1
160.995556 2
161.483175 3
161.970794 4
162.458413 1
162.946032 2
163.433651 3
163.932880 4
164.408889 1
164.896508 2
165.384127 3
165.871746 4
166.359365 1
166.846984 2
167.334603 3
167.833832 4
168.309841 1
168.797460 2
169.285079 3
169.772698 4
170.260317 1
170.759546 2
171.235556 3
171.734785 4
172.222404 1
172.710023 2
173.197642 3
173.685261 4
174.172880 1
174.660499 2
175.148118 3
175.635737 4
176.123356 1
176.610975 2
177.098594 3
177.586213 4
178.073832 1
178.561451 2
179.049070 3
179.536689 4
180.024308 1
180.511927 2
180.999546 3
181.487166 4
181.974785 1
182.462404 2
182.950023 3
183.437642 4
183.925261 1
184.412880 2
184.900499 3
185.388118 4
185.875737 1
186.363356 2
186.850975 3
187.315374 4
187.791383 1
188.267392 2
188.755011 3
189.231020 4
189.718639 1
190.206259 2
190.693878 3
191.169887 4
191.680726 1
192.191565 2
192.714014 3
193.201633 4
193.689252 1
194.176871 2
194.676100 3
195.163719 4
195.639728 1
196.127347 2
196.614966 3
197.125805 4
197.601814 1
198.066213 2
198.519002 3
199.006621 4
199.505850 1
199.993469 2
200.481088 3
200.991927 4
201.479546 1
201.967166 2
202.454785 3
202.954014 4
203.441633 1
203.940862 2
204.440091 3
204.916100 4
205.392109 1
205.868118 2
206.344127 3
206.843356 4
207.330975 1
207.818594 2
208.294603 3
208.759002 4
209.223401 1
209.687800 2
210.152200 3
210.616599 4
211.104218 1
211.591837 2
212.079456 3
212.555465 4
213.019864 1
213.484263 2
213.960272 3
214.459501 4
214.958730 1
215.411519 2
215.887528 3
216.363537 4
216.839546 1
217.327166 2
217.803175 3
218.279184 4
218.766803 1
219.266032 2
219.765261 3
220.241270 4
220.740499 1
221.251338 2
221.727347 3
222.214966 4
222.702585 1
223.190204 2
223.677823 3
224.165442 4
224.653061 1
225.140680 2
225.616689 3
226.092698 4
226.580317 1
227.079546 2
227.567166 3
228.054785 4
228.554014 1
229.053243 2
229.552472 3
230.028481 4
230.516100 1
231.003719 2
231.479728 3
231.978957 4
232.443356 1
232.942585 2
233.430204 3
233.906213 4
234.405442 1
234.904671 2
235.392290 3
235.868299 4
236.355918 1
236.855147 2
237.331156 3
237.830385 4
238.318005 1
238.805624 2
239.293243 3
239.780862 4
240.268481 1
240.756100 2
241.243719 3
241.708118 4
242.218957 1
242.706576 2
243.194195 3
243.681814 4
244.169433 1
244.657052 2
245.144671 3
245.632290 4
246.119909 1
246.607528 2
247.083537 3
247.582766 4
248.081995 1
248.627664 2
249.173333 3
249.777052 4
250.276281 1
250.763900 2
251.251519 3
251.727528 4
252.226757 1
252.714376 2
253.201995 3
253.689615 4
254.177234 1
254.664853 2
255.152472 3
255.640091 4
256.127710 1
256.615329 2
257.091338 3
257.590567 4
258.066576 1
258.554195 2
259.041814 3
259.529433 4
260.017052 1
260.516281 2
260.992290 3
261.491519 4
261.967528 1
262.466757 2
262.942766 3
263.441995 4
263.918005 1
264.417234 2
264.904853 3
265.392472 4
265.880091 1
266.367710 2
266.855329 3
267.342948 4
267.830567 1
268.318186 2
268.805805 3
269.293424 4
269.781043 1
270.268662 2
270.756281 3
271.243900 4
271.731519 1
272.219138 2
272.706757 3
273.194376 4
273.681995 1
274.169615 2
274.657234 3
275.144853 4
275.632472 1
276.120091 2
276.607710 3
277.095329 4
277.582948 1
278.070567 2
278.558186 3
279.045805 4
279.533424 1
280.021043 2
280.508662 3
281.007891 4
281.483900 1
281.983129 2
282.459138 3
282.946757 4
283.434376 1
283.921995 2
284.409615 3
284.908844 4
285.384853 1
285.872472 2
286.360091 3
286.847710 4
287.335329 1
287.834558 2
288.310567 3
288.798186 4
289.285805 1
289.773424 2
290.261043 3
290.748662 4
291.236281 1
291.735510 2
292.211519 3
292.710748 4
293.198367 1
293.685986 2
294.173605 3
294.661224 4
295.148844 1
295.636463 2
296.124082 3
296.611701 4
297.099320 1
297.586939 2
298.074558 3
298.562177 4
299.049796 1
299.537415 2
300.025034 3
300.512653 4
301.000272 1
301.487891 2
301.975510 3
302.463129 4
302.950748 1
303.438367 2
303.925986 3
304.413605 4
304.901224 1
305.388844 2
305.876463 3
306.364082 4
306.851701 1
307.339320 2
307.826939 3
308.314558 4
308.802177 1
309.289796 2
309.777415 3
310.265034 4
310.764263 1
311.251882 2
311.727891 3
312.227120 4
312.714739 1
313.202358 2
313.689977 3
314.177596 4
314.665215 1
315.152834 2
315.640454 3
316.128073 4
316.615692 1
317.103311 2
317.590930 3
318.078549 4
318.566168 1
319.053787 2
319.541406 3
320.029025 4
320.516644 1
321.004263 2
321.491882 3
321.979501 4
322.467120 1
322.954739 2
323.442358 3
323.929977 4
324.417596 1
324.905215 2
325.392834 3
325.880454 4
326.368073 1
326.855692 2
327.343311 3
327.830930 4
328.318549 1
328.806168 2
329.293787 3
329.781406 4
330.269025 1
330.756644 2
331.244263 3
331.731882 4
332.219501 1
332.707120 2
333.194739 3
333.682358 4
334.169977 1
334.657596 2
335.145215 3
335.632834 4
336.120454 1
336.608073 2
337.095692 3
337.583311 4
338.070930 1
338.558549 2
339.046168 3
339.533787 4
340.021406 1
340.509025 2
340.996644 3
341.495873 4
341.971882 1
342.471111 2
342.947120 3
343.446349 4
343.933968 1
344.421587 2
344.909206 3
345.396825 4
345.884444 1
346.372063 2
346.848073 3
347.347302 4
347.823311 1
348.322540 2
348.810159 3
349.297778 4
349.785397 1
350.273016 2
350.749025 3
351.248254 4
351.735873 1
352.223492 2
352.711111 3
353.198730 4
353.686349 1
354.173968 2
354.661587 3
355.149206 4
355.636825 1
356.124444 2
356.612063 3
357.099683 4
357.587302 1
358.074921 2
358.562540 3
359.050159 4
359.537778 1
360.025397 2
360.513016 3
361.000635 4
361.488254 1
361.975873 2
362.463492 3
362.951111 4
363.438730 1
363.926349 2
364.413968 3
364.901587 4
365.389206 1
365.876825 2
366.364444 3
366.852063 4
367.339683 1
367.827302 2
368.314921 3
368.802540 4
369.290159 1
369.777778 2
370.265397 3
370.753016 4
371.240635 1
371.728254 2
372.215873 3
372.703492 4
373.191111 1
373.678730 2
374.166349 3
374.665578 4
375.153197 1
375.640816 2
376.116825 3
376.604444 4
377.092063 1
377.579683 2
378.067302 3
378.554921 4
379.042540 1
379.541769 2
380.029388 3
380.517007 4
380.993016 1
381.492245 2
381.968254 3
382.351383 4
382.769342 1
383.198912 2
383.686531 3
384.174150 4
384.661769 1
385.149388 2
385.637007 3
386.124626 4
386.612245 1
387.099864 2
387.587483 3
388.075102 4
388.562721 1
389.050340 2
389.537959 3
390.025578 4
390.513197 1
391.000816 2
391.488435 3
391.976054 4
392.463673 1
392.951293 2
393.438912 3
393.926531 4
394.414150 1
394.901769 2
395.389388 3
395.877007 4
396.364626 1
396.852245 2
397.339864 3
397.827483 4
398.315102 1
398.802721 2
399.290340 3
399.777959 4
400.265578 1
400.753197 2
401.240816 3
401.728435 4
402.216054 1
402.703673 2
403.191293 3
403.678912 4
404.166531 1
404.665760 2
405.153379 3
405.640998 4
406.117007 1
406.616236 2
407.103855 3
407.591474 4
408.079093 1
408.566712 2
409.042721 3
409.541950 4
410.029569 1
410.517188 2
411.004807 3
411.492426 4
411.980045 1
412.467664 2
412.955283 3
413.419683 4
413.918912 1
414.418141 2
414.905760 3
415.393379 4
415.880998 1
416.368617 2
416.856236 3
417.343855 4
417.831474 1
418.319093 2
418.806712 3
419.294331 4
419.770340 1
420.269569 2
420.757188 3
421.233197 4
421.720816 1
422.220045 2
422.707664 3
423.195283 4
423.682902 1
424.170522 2
424.646531 3
425.145760 4
425.633379 1
426.120998 2
426.608617 3
427.096236 4
427.583855 1
428.071474 2
428.559093 3
429.046712 4
429.534331 1
430.021950 2
430.509569 3
430.997188 4
431.484807 1
431.972426 2
432.460045 3
