0.510839 1
0.998458 2
1.486077 3
1.985306 4
2.472925 1
2.960544 2
3.448163 3
3.947392 4
4.435011 1
4.934240 2
5.421859 3
5.909478 4
6.408707 1
6.896327 2
7.383946 3
7.883175 4
8.370794 1
8.870023 2
9.346032 3
9.845261 4
10.344490 1
10.832109 2
11.319728 3
11.818957 4
12.306576 1
12.805805 2
13.281814 3
13.781043 4
14.280272 1
14.767891 2
15.255510 3
15.754739 4
16.242358 1
16.741587 2
17.217596 3
17.716825 4
18.216054 1
18.703673 2
19.191293 3
19.690522 4
20.178141 1
20.665760 2
21.153379 3
21.652608 4
22.140227 1
22.639456 2
23.127075 3
23.626304 4
24.113923 1
24.601542 2
25.089161 3
25.588390 4
26.076009 1
26.575238 2
27.062857 3
27.562086 4
28.049705 1
28.537324 2
29.024943 3
29.524172 4
30.011791 1
30.511020 2
30.998639 3
31.497868 4
31.985488 1
32.473107 2
32.960726 3
33.459955 4
33.947574 1
34.446803 2
34.934422 3
35.433651 4
35.921270 1
36.408889 2
36.896508 3
37.395737 4
37.883356 1
38.382585 2
38.858594 3
39.357823 4
39.857052 1
40.344671 2
40.832290 3
41.331519 4
41.819138 1
42.306757 2
42.794376 3
43.293605 4
43.781224 1
44.280454 2
44.756463 3
45.267302 4
45.754921 1
46.242540 2
46.730159 3
47.229388 4
47.717007 1
48.216236 2
48.692245 3
49.191474 4
49.690703 1
50.178322 2
50.665941 3
51.165170 4
51.652789 1
52.140408 2
52.628027 3
53.127256 4
53.626485 1
54.114104 2
54.601723 3
55.100952 4
55.588571 1
56.076190 2
56.563810 3
57.063039 4
57.550658 1
58.049887 2
58.537506 3
59.036735 4
59.524354 1
60.011973 2
60.499592 3
60.998821 4
61.498050 1
61.985669 2
62.473288 3
62.972517 4
63.460136 1
63.947755 2
64.435374 3
64.934603 4
65.422222 1
65.921451 2
66.409070 3
66.896689 4
67.395918 1
67.883537 2
68.371156 3
68.870385 4
69.358005 1
69.857234 2
70.333243 3
70.832472 4
71.331701 1
71.819320 2
72.306939 3
72.806168 4
73.293787 1
73.781406 2
74.269025 3
74.768254 4
75.267483 1
75.755102 2
76.242721 3
76.741950 4
77.229569 1
77.717188 2
78.204807 3
78.704036 4
79.203265 1
79.690884 2
80.178503 3
80.677732 4
81.165351 1
81.652971 2
82.140590 3
82.639819 4
83.127438 1
83.626667 2
84.102676 3
84.613515 4
85.101134 1
85.588753 2
86.076372 3
86.575601 4
87.063220 1
87.562449 2
88.038458 3
88.537687 4
89.036916 1
89.524535 2
90.012154 3
90.511383 4
90.999002 1
91.486621 2
91.974240 3
92.473469 4
92.972698 1
93.460317 2
93.947937 3
94.447166 4
94.934785 1
95.422404 2
95.910023 3
96.409252 4
96.908481 1
97.396100 2
97.883719 3
98.371338 4
98.870567 1
99.358186 2
99.845805 3
100.345034 4
100.832653 1
101.331882 2
101.819501 3
102.307120 4
102.806349 1
103.293968 2
103.781587 3
104.280816 4
104.768435 1
105.267664 2
105.755283 3
106.242902 4
106.742132 1
107.229751 2
107.717370 3
108.216599 4
108.704218 1
109.191837 2
109.679456 3
110.178685 4
110.677914 1
111.165533 2
111.653152 3
112.152381 4
112.640000 1
113.127619 2
113.615238 3
114.114467 4
114.602086 1
115.101315 2
115.577324 3
116.088163 4
116.575782 1
117.063401 2
117.551020 3
118.050249 4
118.537868 1
119.037098 2
119.513107 3
120.012336 4
120.511565 1
120.999184 2
121.486803 3
121.986032 4
122.473651 1
122.972880 2
123.448889 3
123.948118 4
124.447347 1
124.934966 2
125.422585 3
125.910204 4
126.409433 1
126.908662 2
127.396281 3
127.895510 4
128.383129 1
128.882358 2
129.381587 3
129.869206 4
130.356825 1
130.844444 2
131.343673 3
131.831293 4
132.318912 1
132.818141 2
133.317370 3
133.816599 4
134.315828 1
134.791837 2
135.279456 3
135.755465 4
136.254694 1
136.753923 2
137.241542 3
137.752381 4
138.251610 1
138.739229 2
139.226848 3
139.726077 4
140.213696 1
140.701315 2
141.200544 3
141.688163 4
142.175782 1
142.686621 2
143.185850 3
143.685079 4
144.184308 1
144.683537 2
145.171156 3
145.670385 4
146.158005 1
146.645624 2
147.133243 3
147.620862 4
148.108481 1
148.596100 2
149.083719 3
149.559728 4
150.035737 1
150.511746 2
150.999365 3
151.486984 4
151.997823 1
152.497052 2
152.984671 3
153.495510 4
154.006349 1
154.505578 2
154.993197 3
155.480816 4
155.945215 1
156.432834 2
156.920454 3
157.419683 4
157.918912 1
158.418141 2
158.905760 3
159.439819 4
159.985488 1
160.473107 2
160.960726 3
161.459955 4
161.959184 1
162.458413 2
162.957642 3
163.456871 4
163.944490 1
164.432109 2
164.908118 3
165.395737 4
165.894966 1
166.394195 2
166.881814 3
167.369433 4
167.857052 1
168.356281 2
168.843900 3
169.401179 4
169.958458 1
170.504127 2
171.038186 3
171.537415 4
172.036644 1
172.512653 2
173.011882 3
173.615601 4
174.114830 1
174.602449 2
175.101678 3
175.589297 4
176.076916 1
176.564535 2
177.063764 3
177.551383 4
178.050612 1
178.538231 2
179.037460 3
179.525079 4
180.012698 1
180.500317 2
180.999546 3
181.487166 4
181.986395 1
182.474014 2
182.973243 3
183.460862 4
183.948481 1
184.436100 2
184.935329 3
185.422948 4
185.922177 1
186.398186 2
186.897415 3
187.396644 4
187.884263 1
188.371882 2
188.871111 3
189.358730 4
189.857959 1
190.333968 2
190.833197 3
191.320816 4
191.820045 1
192.307664 2
192.806893 3
193.294512 4
193.793741 1
194.269751 2
194.768980 3
195.256599 4
195.755828 1
196.243447 2
196.742676 3
197.230295 4
197.717914 1
198.205533 2
198.704762 3
199.192381 4
199.691610 1
200.179229 2
200.678458 3
201.166077 4
201.653696 1
202.141315 2
202.640544 3
203.128163 4
203.627392 1
204.115011 2
204.602630 3
205.101859 4
205.589478 1
206.077098 2
206.576327 3
207.063946 4
207.563175 1
208.050794 2
208.538413 3
209.037642 4
209.525261 1
210.012880 2
210.512109 3
210.999728 4
211.498957 1
211.974966 2
212.474195 3
212.973424 4
213.461043 1
213.948662 2
214.447891 3
214.935510 4
215.423129 1
215.910748 2
216.409977 3
216.897596 4
217.396825 1
217.884444 2
218.383673 3
218.871293 4
219.358912 1
219.846531 2
220.345760 3
220.833379 4
221.332608 1
221.808617 2
222.307846 3
222.807075 4
223.294694 1
223.782313 2
224.281542 3
224.769161 4
225.268390 1
225.744399 2
226.243628 3
226.742857 4
227.230476 1
227.718095 2
228.217324 3
228.704943 4
229.204172 1
229.680181 2
230.179410 3
230.667029 4
231.166259 1
231.653878 2
232.153107 3
232.640726 4
233.128345 1
233.615964 2
234.115193 3
234.602812 4
235.102041 1
235.589660 2
236.088889 3
236.576508 4
237.064127 1
237.551746 2
238.050975 3
238.538594 4
239.037823 1
239.525442 2
240.024671 3
240.512290 4
240.999909 1
241.487528 2
241.986757 3
242.474376 4
242.973605 1
243.461224 2
243.948844 3
244.448073 4
244.935692 1
245.423311 2
245.922540 3
246.410159 4
246.897778 1
247.397007 2
247.884626 3
248.383855 4
248.871474 1
249.359093 2
249.858322 3
250.345941 4
250.833560 1
251.321179 2
251.820408 3
252.308027 4
252.807256 1
253.294875 2
253.794104 3
254.281723 4
254.769342 1
255.256961 2
255.756190 3
256.243810 4
256.743039 1
257.219048 2
257.729887 3
258.217506 4
258.705125 1
259.192744 2
259.691973 3
260.179592 4
260.678821 1
261.154830 2
261.654059 3
262.153288 4
262.640907 1
263.128526 2
263.627755 3
264.115374 4
264.602993 1
265.090612 2
265.589841 3
266.089070 4
266.576689 1
267.064308 2
267.598367 3
268.132426 4
268.654875 1
269.165714 2
269.653333 3
270.140952 4
270.628571 1
271.127800 2
271.627029 3
272.114649 4
272.602268 1
273.089887 2
273.589116 3
274.088345 4
274.703673 1
275.191293 2
275.678912 3
276.154921 4
276.607710 1
277.072109 2
277.524898 3
278.012517 4
278.511746 1
279.115465 2
279.579864 3
280.032653 4
280.485442 1
280.961451 2
281.449070 3
281.948299 4
282.377868 1
282.819048 2
283.295057 3
283.782676 4
284.281905 1
284.769524 2
285.268753 3
285.756372 4
286.243991 1
286.731610 2
287.230839 3
287.718458 4
288.217687 1
288.693696 2
289.204535 3
289.692154 4
290.179773 1
290.667392 2
291.166621 3
291.654240 4
292.141859 1
292.629478 2
293.128707 3
293.616327 4
294.115556 1
294.603175 2
295.102404 3
295.590023 4
296.077642 1
296.565261 2
297.064490 3
297.552109 4
298.051338 1
298.538957 2
299.038186 3
299.525805 4
300.013424 1
300.501043 2
301.000272 3
301.487891 4
301.987120 1
302.474739 2
302.962358 3
303.461587 4
303.949206 1
304.436825 2
304.936054 3
305.423673 4
305.922902 1
306.410522 2
306.909751 3
307.397370 4
307.884989 1
308.372608 2
308.871837 3
309.359456 4
309.858685 1
310.346304 2
310.833923 3
311.321542 4
311.820771 1
312.308390 2
312.807619 3
313.295238 4
313.782857 1
314.282086 2
314.769705 3
315.257324 4
315.756553 1
316.244172 2
316.743401 3
317.231020 4
317.718639 1
318.206259 2
318.705488 3
319.193107 4
319.692336 1
320.168345 2
320.667574 3
321.166803 4
321.654422 1
322.142041 2
322.641270 3
323.128889 4
323.628118 1
324.104127 2
324.603356 3
325.102585 4
325.590204 1
326.077823 2
326.577052 3
327.064671 4
327.563900 1
328.039909 2
328.539138 3
329.026757 4
329.421497 1
329.851066 2
330.269025 3
330.756644 4
331.255873 1
331.743492 2
332.231111 3
332.718730 4
333.217959 1
333.705578 2
334.204807 3
334.692426 4
335.180045 1
335.667664 2
336.166893 3
336.654512 4
337.153741 1
337.641361 2
338.128980 3
338.628209 4
339.115828 1
339.603447 2
340.102676 3
340.590295 4
341.089524 1
341.577143 2
342.064762 3
342.563991 4
343.051610 1
343.539229 2
344.038458 3
344.526077 4
345.025306 1
345.512925 2
346.000544 3
346.499773 4
346.987392 1
347.475011 2
347.974240 3
348.461859 4
348.949478 1
349.437098 2
349.936327 3
350.423946 4
350.923175 1
351.410794 2
351.910023 3
352.397642 4
352.885261 1
353.372880 2
353.872109 3
354.359728 4
354.858957 1
355.346576 2
355.834195 3
356.333424 4
356.821043 1
357.308662 2
357.807891 3
358.295510 4
358.794739 1
359.282358 2
359.769977 3
360.269206 4
360.756825 1
361.244444 2
361.743673 3
362.231293 4
362.602812 1
362.974331 2
363.450340 3
363.949569 4
364.437188 1
364.936417 2
365.424036 3
365.911655 4
366.410884 1
366.898503 2
367.386122 3
367.885351 4
368.372971 1
368.860590 2
369.348209 3
369.847438 4
370.346667 1
370.834286 2
371.321905 3
371.821134 4
372.308753 1
372.796372 2
373.283991 3
373.783220 4
374.282449 1
374.770068 2
375.246077 3
375.756916 4
376.244535 1
376.732154 2
377.219773 3
