0.010000 3
0.470000 4
0.930000 1
1.400000 2
1.870000 3
2.340000 4
2.810000 1
3.280000 2
3.750000 3
4.220000 4
4.680000 1
5.150000 2
5.620000 3
6.090000 4
6.560000 1
7.030000 2
7.500000 3
7.970000 4
8.430000 1
8.900000 2
9.370000 3
9.840000 4
10.310000 1
10.780000 2
11.250000 3
11.720000 4
12.180000 1
12.650000 2
13.120000 3
13.590000 4
14.060000 1
14.530000 2
15.000000 3
15.470000 4
15.930000 1
16.400000 2
16.870000 3
17.340000 4
17.810000 1
18.280000 2
18.750000 3
19.220000 4
19.680000 1
20.150000 2
20.620000 3
21.090000 4
21.560000 1
22.030000 2
22.500000 3
22.970000 4
23.430000 1
23.900000 2
24.370000 3
24.840000 4
25.310000 1
25.780000 2
26.250000 3
26.720000 4
27.180000 1
27.660000 2
28.120000 3
28.590000 4
29.060000 1
29.530000 2
30.000000 3
30.470000 4
30.940000 1
31.410000 2
31.880000 3
32.340000 4
32.810000 1
33.280000 2
33.750000 3
34.220000 4
34.690000 1
35.160000 2
35.630000 3
36.090000 4
36.560000 1
37.030000 2
37.500000 3
37.970000 4
38.440000 1
38.910000 2
39.380000 3
39.840000 4
40.310000 1
40.780000 2
41.250000 3
41.720000 4
42.190000 1
42.660000 2
43.130000 3
43.590000 4
44.060000 1
44.530000 2
45.000000 3
45.470000 4
45.940000 1
46.410000 2
46.880000 3
47.340000 4
47.810000 1
48.280000 2
48.750000 3
49.220000 4
49.690000 1
50.160000 2
50.630000 3
51.090000 4
51.560000 1
52.030000 2
52.500000 3
52.970000 4
53.440000 1
53.910000 2
54.380000 3
54.840000 4
55.310000 1
55.780000 2
56.250000 3
56.720000 4
57.190000 1
57.660000 2
58.130000 3
58.590000 4
59.060000 1
59.530000 2
60.000000 3
60.470000 4
60.940000 1
61.410000 2
61.880000 3
62.340000 4
62.810000 1
63.280000 2
63.750000 3
64.220000 4
64.690000 1
65.160000 2
65.620000 3
66.090000 4
66.560000 1
67.030000 2
67.500000 3
67.970000 4
68.440000 1
68.910000 2
69.380000 3
69.850000 4
70.310000 1
70.780000 2
71.250000 3
71.720000 4
72.180000 1
72.660000 2
73.130000 3
73.590000 4
74.060000 1
74.530000 2
75.000000 3
75.470000 4
75.940000 1
76.410000 2
76.880000 3
77.350000 4
77.810000 1
78.280000 2
78.750000 3
79.220000 4
79.690000 1
80.160000 2
80.630000 3
81.100000 4
81.560000 1
82.030000 2
82.500000 3
82.970000 4
83.440000 1
83.910000 2
84.380000 3
84.850000 4
85.320000 1
85.790000 2
86.250000 3
86.720000 4
87.190000 1
87.660000 2
88.130000 3
88.590000 4
89.070000 1
89.530000 2
90.000000 3
90.470000 4
90.940000 1
91.410000 2
91.880000 3
92.340000 4
92.810000 1
93.280000 2
93.750000 3
94.220000 4
94.690000 1
95.160000 2
95.630000 3
96.090000 4
96.560000 1
97.030000 2
97.500000 3
97.970000 4
98.440000 1
98.910000 2
99.380000 3
99.840000 4
100.310000 1
100.780000 2
101.250000 3
101.720000 4
102.190000 1
102.660000 2
103.130000 3
103.600000 4
104.060000 1
104.530000 2
105.000000 3
105.470000 4
105.940000 1
106.410000 2
106.870000 3
107.340000 4
107.810000 1
108.280000 2
108.750000 3
109.220000 4
109.690000 1
110.160000 2
110.630000 3
111.090000 4
111.560000 1
112.030000 2
112.500000 3
112.970000 4
113.440000 1
113.910000 2
114.380000 3
114.840000 4
115.310000 1
115.780000 2
116.250000 3
116.720000 4
117.190000 1
117.660000 2
118.130000 3
118.600000 4
119.060000 1
119.530000 2
120.000000 3
120.470000 4
120.940000 1
121.410000 2
121.880000 3
122.340000 4
122.810000 1
123.280000 2
123.750000 3
124.220000 4
124.690000 1
125.160000 2
125.630000 3
126.090000 4
126.560000 1
127.030000 2
127.500000 3
127.970000 4
128.440000 1
128.910000 2
129.380000 3
129.840000 4
130.310000 1
130.780000 2
131.250000 3
131.720000 4
132.190000 1
132.660000 2
133.130000 3
133.600000 4
134.060000 1
134.530000 2
135.000000 3
135.470000 4
135.940000 1
136.410000 2
136.870000 3
137.340000 4
137.810000 1
138.280000 2
138.750000 3
139.220000 4
139.690000 1
140.160000 2
140.630000 3
141.090000 4
141.560000 1
142.030000 2
142.500000 3
142.970000 4
143.440000 1
143.910000 2
144.370000 3
144.840000 4
145.310000 1
145.780000 2
146.250000 3
146.720000 4
147.190000 1
147.660000 2
148.130000 3
148.590000 4
149.060000 1
149.530000 2
150.000000 3
150.470000 4
150.940000 1
151.410000 2
151.870000 3
152.340000 4
152.810000 1
153.280000 2
153.750000 3
154.220000 4
154.690000 1
155.160000 2
155.620000 3
156.090000 4
156.560000 1
157.030000 2
157.500000 3
157.970000 4
158.440000 1
158.910000 2
159.370000 3
159.840000 4
160.310000 1
160.780000 2
161.250000 3
161.720000 4
162.190000 1
162.660000 2
163.130000 3
163.600000 4
164.060000 1
164.530000 2
165.000000 3
165.470000 4
165.940000 1
166.410000 2
166.870000 3
167.340000 4
167.810000 1
168.280000 2
168.750000 3
169.220000 4
169.680000 1
170.160000 2
170.620000 3
171.090000 4
171.560000 1
172.030000 2
172.500000 3
172.970000 4
173.440000 1
173.910000 2
174.370000 3
174.850000 4
175.310000 1
175.780000 2
176.250000 3
176.720000 4
177.180000 1
177.660000 2
178.130000 3
178.590000 4
179.060000 1
179.530000 2
180.000000 3
180.470000 4
180.930000 1
181.410000 2
181.870000 3
182.350000 4
182.810000 1
183.280000 2
183.750000 3
184.220000 4
184.690000 1
185.160000 2
185.620000 3
186.090000 4
186.560000 1
187.030000 2
187.500000 3
187.970000 4
188.430000 1
188.910000 2
189.380000 3
189.850000 4
190.310000 1
190.790000 2
191.250000 3
191.720000 4
192.190000 1
192.660000 2
193.130000 3
193.600000 4
194.060000 1
194.540000 2
195.010000 3
195.470000 4
195.940000 1
196.410000 2
196.880000 3
197.350000 4
197.820000 1
198.290000 2
198.750000 3
199.220000 4
199.690000 1
200.160000 2
200.630000 3
201.100000 4
201.570000 1
202.040000 2
202.500000 3
202.970000 4
203.440000 1
203.910000 2
204.380000 3
204.850000 4
205.320000 1
205.790000 2
206.260000 3
206.720000 4
207.190000 1
207.660000 2
208.130000 3
208.600000 4
209.070000 1
209.530000 2
210.000000 3
210.470000 4
210.940000 1
211.410000 2
211.880000 3
212.340000 4
212.810000 1
213.280000 2
213.750000 3
214.220000 4
214.690000 1
215.160000 2
215.620000 3
216.090000 4
216.560000 1
217.030000 2
217.500000 3
217.970000 4
218.440000 1
218.910000 2
219.380000 3
219.840000 4
220.310000 1
220.780000 2
221.250000 3
221.720000 4
222.190000 1
222.660000 2
223.130000 3
223.590000 4
224.060000 1
224.530000 2
225.000000 3
225.470000 4
225.940000 1
226.410000 2
226.880000 3
227.340000 4
227.810000 1
228.280000 2
228.750000 3
229.220000 4
229.690000 1
230.160000 2
230.630000 3
231.090000 4
231.560000 1
232.030000 2
232.500000 3
232.970000 4
233.440000 1
233.910000 2
234.380000 3
234.850000 4
235.310000 1
235.780000 2
236.250000 3
236.720000 4
237.190000 1
237.660000 2
238.130000 3
238.600000 4
239.060000 1
239.530000 2
240.000000 3
240.470000 4
240.930000 1
241.410000 2
241.880000 3
242.350000 4
242.810000 1
243.280000 2
243.750000 3
244.220000 4
244.690000 1
245.160000 2
245.630000 3
246.090000 4
246.560000 1
247.030000 2
247.500000 3
247.970000 4
248.440000 1
248.910000 2
249.380000 3
249.840000 4
250.310000 1
250.780000 2
251.250000 3
251.720000 4
252.190000 1
252.660000 2
253.130000 3
253.600000 4
254.060000 1
254.530000 2
255.000000 3
255.470000 4
255.940000 1
256.410000 2
256.880000 3
257.340000 4
257.810000 1
258.280000 2
258.750000 3
259.220000 4
259.690000 1
260.160000 2
260.630000 3
261.090000 4
261.560000 1
262.030000 2
262.500000 3
262.970000 4
263.440000 1
263.910000 2
264.380000 3
264.840000 4
265.310000 1
265.780000 2
266.250000 3
266.720000 4
267.190000 1
267.660000 2
268.130000 3
268.590000 4
269.060000 1
269.530000 2
270.000000 3
270.470000 4
270.940000 1
271.410000 2
271.880000 3
272.340000 4
272.810000 1
273.280000 2
273.750000 3
274.220000 4
274.690000 1
275.160000 2
275.630000 3
276.090000 4
276.560000 1
277.030000 2
277.500000 3
277.970000 4
278.440000 1
278.910000 2
279.380000 3
279.840000 4
280.310000 1
280.780000 2
281.250000 3
281.720000 4
282.190000 1
282.660000 2
283.130000 3
283.590000 4
284.060000 1
284.530000 2
285.000000 3
285.470000 4
285.940000 1
286.410000 2
286.870000 3
287.340000 4
287.810000 1
288.280000 2
288.750000 3
289.220000 4
289.680000 1
290.160000 2
290.620000 3
291.090000 4
291.560000 1
292.030000 2
292.500000 3
292.970000 4
293.430000 1
293.910000 2
294.370000 3
294.840000 4
295.310000 1
295.780000 2
296.250000 3
296.720000 4
297.180000 1
297.660000 2
298.120000 3
298.590000 4
299.060000 1
299.530000 2
300.000000 3
300.470000 4
300.940000 1
301.410000 2
301.870000 3
302.340000 4
302.810000 1
303.280000 2
303.750000 3
304.220000 4
304.690000 1
305.160000 2
305.620000 3
306.090000 4
306.560000 1
307.030000 2
307.500000 3
307.970000 4
308.440000 1
308.910000 2
309.370000 3
309.840000 4
310.310000 1
310.780000 2
311.250000 3
311.720000 4
312.190000 1
312.660000 2
313.120000 3
313.590000 4
314.060000 1
314.530000 2
315.000000 3
315.470000 4
315.930000 1
316.400000 2
