0.440000 1
0.880000 2
1.330000 3
1.760000 4
2.210000 1
2.650000 2
3.100000 3
3.530000 4
3.970000 1
4.410000 2
4.850000 3
5.300000 4
5.730000 1
6.170000 2
6.620000 3
7.060000 4
7.500000 1
7.940000 2
8.380000 3
8.820000 4
9.260000 1
9.700000 2
10.150000 3
10.590000 4
11.030000 1
11.470000 2
11.910000 3
12.350000 4
12.790000 1
13.230000 2
13.680000 3
14.120000 4
14.560000 1
15.000000 2
15.440000 3
15.880000 4
16.320000 1
16.760000 2
17.210000 3
17.650000 4
18.090000 1
18.530000 2
18.970000 3
19.410000 4
19.850000 1
20.290000 2
20.730000 3
21.180000 4
21.620000 1
22.050000 2
22.500000 3
22.940000 4
23.380000 1
23.820000 2
24.260000 3
24.700000 4
25.140000 1
25.590000 2
26.030000 3
26.470000 4
26.900000 1
27.350000 2
27.790000 3
28.230000 4
28.670000 1
29.110000 2
29.560000 3
30.000000 4
30.440000 1
30.880000 2
31.320000 3
31.760000 4
32.200000 1
32.640000 2
33.090000 3
33.530000 4
33.960000 1
34.410000 2
34.850000 3
35.290000 4
35.730000 1
36.170000 2
36.610000 3
37.060000 4
37.490000 1
37.940000 2
38.380000 3
38.820000 4
39.260000 1
39.700000 2
40.140000 3
40.590000 4
41.020000 1
41.470000 2
41.910000 3
42.350000 4
42.790000 1
43.230000 2
43.670000 3
44.110000 4
44.550000 1
45.000000 2
45.440000 3
45.880000 4
46.320000 1
46.760000 2
47.200000 3
47.640000 4
48.070000 1
48.530000 2
48.970000 3
49.410000 4
49.850000 1
50.290000 2
50.730000 3
51.180000 4
51.620000 1
52.060000 2
52.500000 3
52.940000 4
53.380000 1
53.820000 2
54.260000 3
54.700000 4
55.140000 1
55.590000 2
56.030000 3
56.470000 4
56.910000 1
57.350000 2
57.790000 3
58.230000 4
58.670000 1
59.120000 2
59.560000 3
60.000000 4
60.440000 1
60.880000 2
61.320000 3
61.760000 4
62.200000 1
62.640000 2
63.080000 3
63.530000 4
63.970000 1
64.410000 2
64.850000 3
65.290000 4
65.730000 1
66.180000 2
66.620000 3
67.060000 4
67.500000 1
67.940000 2
68.380000 3
68.820000 4
69.260000 1
69.710000 2
70.150000 3
70.590000 4
71.030000 1
71.470000 2
71.910000 3
72.350000 4
72.790000 1
73.230000 2
73.680000 3
74.120000 4
74.560000 1
75.000000 2
75.440000 3
75.880000 4
76.320000 1
76.760000 2
77.200000 3
77.640000 4
78.090000 1
78.530000 2
78.970000 3
79.410000 4
79.850000 1
80.290000 2
80.730000 3
81.180000 4
81.620000 1
82.060000 2
82.500000 3
82.940000 4
83.380000 1
83.820000 2
84.260000 3
84.710000 4
85.150000 1
85.590000 2
86.030000 3
86.470000 4
86.910000 1
87.350000 2
87.790000 3
88.230000 4
88.680000 1
89.120000 2
89.560000 3
90.000000 4
90.440000 1
90.880000 2
91.320000 3
91.760000 4
92.210000 1
92.650000 2
93.080000 3
93.530000 4
93.970000 1
94.410000 2
94.860000 3
95.290000 4
95.720000 1
96.180000 2
96.610000 3
97.060000 4
97.480000 1
97.940000 2
98.380000 3
98.820000 4
99.260000 1
99.700000 2
100.150000 3
100.590000 4
101.030000 1
101.470000 2
101.910000 3
102.350000 4
102.790000 1
103.230000 2
103.680000 3
104.120000 4
104.560000 1
105.000000 2
105.440000 3
105.880000 4
106.320000 1
106.760000 2
107.200000 3
107.640000 4
108.080000 1
108.520000 2
108.970000 3
109.410000 4
109.850000 1
110.290000 2
110.730000 3
111.170000 4
111.610000 1
112.050000 2
112.500000 3
112.930000 4
113.370000 1
113.820000 2
114.260000 3
114.700000 4
115.140000 1
115.580000 2
116.020000 3
116.470000 4
116.910000 1
117.350000 2
117.790000 3
118.230000 4
118.670000 1
119.110000 2
119.550000 3
120.000000 4
120.440000 1
120.880000 2
121.320000 3
121.760000 4
122.200000 1
122.640000 2
123.080000 3
123.530000 4
123.960000 1
124.410000 2
124.850000 3
125.290000 4
125.730000 1
126.170000 2
126.610000 3
127.060000 4
127.500000 1
127.940000 2
128.380000 3
128.820000 4
129.260000 1
129.700000 2
130.140000 3
130.580000 4
131.030000 1
131.470000 2
131.910000 3
132.350000 4
132.800000 1
133.240000 2
133.690000 3
134.120000 4
134.560000 1
135.000000 2
135.440000 3
135.880000 4
136.320000 1
136.760000 2
137.210000 3
137.650000 4
138.090000 1
138.530000 2
138.970000 3
139.410000 4
139.850000 1
140.290000 2
140.730000 3
141.180000 4
141.620000 1
142.060000 2
142.500000 3
142.940000 4
143.380000 1
143.820000 2
144.260000 3
144.700000 4
145.150000 1
145.590000 2
146.030000 3
146.470000 4
146.910000 1
147.350000 2
147.790000 3
148.230000 4
148.670000 1
149.120000 2
149.560000 3
150.000000 4
150.440000 1
150.880000 2
151.320000 3
151.760000 4
152.200000 1
152.650000 2
153.090000 3
153.530000 4
153.960000 1
154.410000 2
154.850000 3
155.290000 4
155.730000 1
156.180000 2
156.620000 3
157.060000 4
157.500000 1
157.940000 2
158.380000 3
158.820000 4
159.260000 1
159.700000 2
160.150000 3
160.590000 4
161.010000 1
161.470000 2
161.900000 3
162.350000 4
162.790000 1
163.230000 2
163.680000 3
164.120000 4
164.560000 1
165.000000 2
165.440000 3
165.880000 4
166.330000 1
166.770000 2
167.190000 3
