0.060000 1
0.530000 2
1.000000 3
1.470000 4
1.930000 1
2.400000 2
2.870000 3
3.340000 4
3.810000 1
4.280000 2
4.750000 3
5.220000 4
5.690000 1
6.150000 2
6.620000 3
7.090000 4
7.560000 1
8.030000 2
8.500000 3
8.970000 4
9.430000 1
9.900000 2
10.370000 3
10.840000 4
11.310000 1
11.780000 2
12.250000 3
12.720000 4
13.180000 1
13.650000 2
14.120000 3
14.590000 4
15.060000 1
15.530000 2
16.000000 3
16.470000 4
16.940000 1
17.400000 2
17.880000 3
18.340000 4
18.810000 1
19.280000 2
19.750000 3
20.220000 4
20.690000 1
21.160000 2
21.630000 3
22.090000 4
22.560000 1
23.030000 2
23.500000 3
23.970000 4
24.440000 1
24.900000 2
25.380000 3
25.840000 4
26.310000 1
26.780000 2
27.250000 3
27.720000 4
28.190000 1
28.650000 2
29.130000 3
29.590000 4
30.060000 1
30.530000 2
31.000000 3
31.470000 4
31.940000 1
32.410000 2
32.880000 3
33.340000 4
33.810000 1
34.280000 2
34.750000 3
35.220000 4
35.690000 1
36.160000 2
36.630000 3
37.090000 4
37.560000 1
38.030000 2
38.500000 3
38.970000 4
39.440000 1
39.910000 2
40.380000 3
40.840000 4
41.310000 1
41.780000 2
42.250000 3
42.720000 4
43.190000 1
43.650000 2
44.130000 3
44.590000 4
45.060000 1
45.530000 2
46.000000 3
46.470000 4
46.940000 1
47.410000 2
47.880000 3
48.340000 4
48.810000 1
49.280000 2
49.750000 3
50.220000 4
50.690000 1
51.160000 2
51.630000 3
52.090000 4
52.560000 1
53.030000 2
53.500000 3
53.970000 4
54.440000 1
54.910000 2
55.380000 3
55.840000 4
56.310000 1
56.780000 2
57.250000 3
57.720000 4
58.190000 1
58.660000 2
59.130000 3
59.590000 4
60.060000 1
60.530000 2
61.000000 3
61.470000 4
61.940000 1
62.410000 2
62.880000 3
63.340000 4
63.810000 1
64.280000 2
64.750000 3
65.220000 4
65.690000 1
66.160000 2
66.620000 3
67.090000 4
67.560000 1
68.030000 2
68.500000 3
68.970000 4
69.440000 1
69.910000 2
70.380000 3
70.840000 4
71.310000 1
71.780000 2
72.250000 3
72.720000 4
73.190000 1
73.660000 2
74.120000 3
74.590000 4
75.060000 1
75.530000 2
76.000000 3
76.470000 4
76.940000 1
77.410000 2
77.870000 3
78.340000 4
78.810000 1
79.280000 2
79.750000 3
80.220000 4
80.690000 1
81.160000 2
81.630000 3
82.090000 4
82.560000 1
83.030000 2
83.500000 3
83.970000 4
84.440000 1
84.910000 2
85.380000 3
85.850000 4
86.310000 1
86.780000 2
87.270000 3
87.730000 4
88.210000 1
88.680000 2
89.130000 3
89.590000 4
90.060000 1
90.530000 2
91.000000 3
91.470000 4
91.940000 1
92.410000 2
92.880000 3
93.340000 4
93.810000 1
94.280000 2
94.750000 3
95.220000 4
95.690000 1
96.160000 2
96.630000 3
97.090000 4
97.560000 1
98.030000 2
98.500000 3
98.970000 4
99.440000 1
99.910000 2
100.370000 3
100.840000 4
101.310000 1
101.780000 2
102.250000 3
102.720000 4
103.190000 1
103.660000 2
104.130000 3
104.590000 4
105.060000 1
105.530000 2
106.000000 3
106.470000 4
106.930000 1
107.410000 2
107.880000 3
108.340000 4
108.810000 1
109.280000 2
109.750000 3
110.220000 4
110.690000 1
111.160000 2
111.630000 3
112.090000 4
112.560000 1
113.030000 2
113.500000 3
113.970000 4
114.440000 1
114.910000 2
115.370000 3
115.840000 4
116.310000 1
116.780000 2
117.250000 3
117.720000 4
118.190000 1
118.660000 2
119.130000 3
119.590000 4
120.060000 1
120.530000 2
121.000000 3
121.470000 4
121.940000 1
122.410000 2
122.880000 3
123.340000 4
123.820000 1
124.280000 2
124.750000 3
125.220000 4
125.690000 1
126.160000 2
126.630000 3
127.090000 4
127.570000 1
128.030000 2
128.500000 3
128.970000 4
129.440000 1
129.910000 2
130.380000 3
130.840000 4
131.320000 1
131.780000 2
132.250000 3
132.720000 4
133.190000 1
133.660000 2
134.120000 3
134.590000 4
135.060000 1
135.530000 2
136.000000 3
136.470000 4
136.940000 1
137.410000 2
137.880000 3
138.340000 4
138.820000 1
139.280000 2
139.750000 3
140.220000 4
140.690000 1
141.160000 2
141.630000 3
142.090000 4
142.560000 1
143.030000 2
143.500000 3
143.970000 4
144.440000 1
144.910000 2
145.380000 3
145.840000 4
146.310000 1
146.780000 2
147.250000 3
147.720000 4
148.190000 1
148.660000 2
149.130000 3
149.590000 4
150.060000 1
150.530000 2
151.000000 3
151.470000 4
151.940000 1
152.410000 2
152.870000 3
153.340000 4
153.810000 1
154.280000 2
154.750000 3
155.220000 4
155.690000 1
156.150000 2
156.620000 3
157.090000 4
157.560000 1
158.030000 2
158.500000 3
158.970000 4
159.440000 1
159.910000 2
160.380000 3
160.840000 4
161.320000 1
161.780000 2
162.250000 3
162.720000 4
163.190000 1
163.660000 2
164.130000 3
164.590000 4
165.070000 1
165.530000 2
166.000000 3
166.470000 4
166.940000 1
167.410000 2
167.880000 3
168.350000 4
168.820000 1
169.280000 2
169.750000 3
170.220000 4
170.700000 1
171.160000 2
171.640000 3
172.100000 4
172.590000 1
173.040000 2
173.530000 3
173.990000 4
174.470000 1
174.930000 2
175.370000 3
175.830000 4
176.310000 1
176.780000 2
177.250000 3
177.720000 4
178.190000 1
178.660000 2
179.130000 3
179.590000 4
180.060000 1
180.530000 2
181.000000 3
181.470000 4
181.940000 1
182.410000 2
182.880000 3
183.340000 4
183.810000 1
184.280000 2
184.750000 3
185.220000 4
185.690000 1
186.160000 2
186.630000 3
187.090000 4
187.560000 1
188.030000 2
188.500000 3
188.970000 4
189.440000 1
189.910000 2
190.380000 3
190.840000 4
191.310000 1
191.780000 2
192.250000 3
192.720000 4
193.190000 1
193.660000 2
194.130000 3
194.600000 4
195.060000 1
195.530000 2
196.000000 3
196.470000 4
196.940000 1
197.410000 2
197.880000 3
198.340000 4
198.810000 1
199.280000 2
199.750000 3
200.220000 4
200.690000 1
201.160000 2
201.620000 3
202.090000 4
202.560000 1
203.030000 2
203.500000 3
203.970000 4
204.440000 1
204.910000 2
205.380000 3
205.840000 4
206.310000 1
206.780000 2
207.250000 3
207.720000 4
208.190000 1
208.660000 2
209.120000 3
209.600000 4
210.060000 1
210.530000 2
211.000000 3
211.470000 4
211.940000 1
212.410000 2
212.870000 3
213.340000 4
213.810000 1
214.280000 2
214.750000 3
215.220000 4
215.690000 1
216.160000 2
216.630000 3
217.090000 4
217.560000 1
218.030000 2
218.500000 3
218.970000 4
219.440000 1
219.910000 2
220.380000 3
220.840000 4
221.310000 1
221.780000 2
222.250000 3
222.720000 4
223.190000 1
223.660000 2
224.120000 3
224.590000 4
225.060000 1
225.530000 2
226.000000 3
226.470000 4
226.940000 1
227.410000 2
227.880000 3
228.340000 4
228.810000 1
229.280000 2
229.750000 3
230.220000 4
230.690000 1
231.160000 2
231.630000 3
232.090000 4
232.560000 1
233.030000 2
233.500000 3
233.970000 4
234.440000 1
234.910000 2
235.380000 3
235.840000 4
236.310000 1
236.800000 2
237.290000 3
237.760000 4
238.230000 1
238.690000 2
239.130000 3
239.590000 4
240.060000 1
240.530000 2
241.000000 3
241.470000 4
241.940000 1
242.410000 2
242.880000 3
243.340000 4
243.810000 1
244.280000 2
244.750000 3
245.220000 4
245.690000 1
246.160000 2
246.630000 3
247.090000 4
247.560000 1
248.030000 2
248.500000 3
248.970000 4
249.440000 1
249.910000 2
250.380000 3
250.840000 4
251.310000 1
251.780000 2
252.250000 3
252.720000 4
253.190000 1
253.660000 2
254.130000 3
254.590000 4
255.060000 1
255.530000 2
256.000000 3
256.470000 4
256.940000 1
257.410000 2
257.880000 3
258.340000 4
258.810000 1
259.280000 2
259.750000 3
260.220000 4
260.690000 1
261.160000 2
261.630000 3
262.090000 4
262.560000 1
263.030000 2
263.500000 3
263.970000 4
264.440000 1
264.910000 2
265.380000 3
265.840000 4
266.310000 1
266.780000 2
267.250000 3
267.720000 4
268.190000 1
268.650000 2
269.130000 3
269.590000 4
270.060000 1
270.530000 2
271.000000 3
271.470000 4
271.940000 1
272.410000 2
272.880000 3
273.340000 4
273.810000 1
274.280000 2
274.750000 3
275.220000 4
275.690000 1
276.160000 2
276.630000 3
277.090000 4
277.560000 1
278.030000 2
278.500000 3
278.970000 4
279.440000 1
279.910000 2
280.380000 3
280.840000 4
281.310000 1
281.780000 2
282.250000 3
282.720000 4
283.190000 1
283.660000 2
284.130000 3
284.590000 4
285.060000 1
285.530000 2
286.000000 3
286.470000 4
286.940000 1
287.410000 2
287.880000 3
288.340000 4
288.810000 1
289.280000 2
289.750000 3
290.220000 4
290.690000 1
291.160000 2
291.630000 3
292.090000 4
292.560000 1
293.030000 2
293.500000 3
293.970000 4
294.440000 1
294.910000 2
295.380000 3
295.840000 4
296.310000 1
296.780000 2
297.250000 3
297.720000 4
298.190000 1
298.660000 2
299.130000 3
299.590000 4
300.060000 1
300.530000 2
301.000000 3
301.470000 4
301.930000 1
302.400000 2
302.870000 3
303.340000 4
303.810000 1
304.280000 2
304.750000 3
305.220000 4
305.680000 1
306.150000 2
306.620000 3
307.090000 4
307.560000 1
308.030000 2
308.490000 3
308.970000 4
309.440000 1
309.900000 2
310.380000 3
310.840000 4
311.310000 1
311.780000 2
312.240000 3
312.720000 4
313.190000 1
313.650000 2
314.130000 3
314.590000 4
315.060000 1
