0.030000 1
0.500000 2
0.960000 3
1.430000 4
1.890000 1
2.360000 2
2.820000 3
3.290000 4
3.750000 1
4.220000 2
4.680000 3
5.150000 4
5.610000 1
6.080000 2
6.540000 3
7.010000 4
7.470000 1
7.940000 2
8.410000 3
8.870000 4
9.330000 1
9.800000 2
10.270000 3
10.730000 4
11.190000 1
11.660000 2
12.130000 3
12.590000 4
13.050000 1
13.520000 2
13.990000 3
14.450000 4
14.920000 1
15.380000 2
15.850000 3
16.320000 4
16.780000 1
17.250000 2
17.710000 3
18.180000 4
18.640000 1
19.110000 2
19.570000 3
20.040000 4
20.500000 1
20.970000 2
21.430000 3
21.900000 4
22.360000 1
22.830000 2
23.290000 3
23.760000 4
24.220000 1
24.690000 2
25.150000 3
25.620000 4
26.080000 1
26.550000 2
27.010000 3
27.480000 4
27.940000 1
28.410000 2
28.870000 3
29.340000 4
29.800000 1
30.270000 2
30.730000 3
31.200000 4
31.660000 1
32.130000 2
32.590000 3
33.060000 4
33.520000 1
33.990000 2
34.450000 3
34.920000 4
35.380000 1
35.850000 2
36.310000 3
36.780000 4
37.240000 1
37.710000 2
38.180000 3
38.640000 4
39.100000 1
39.570000 2
40.030000 3
40.500000 4
40.960000 1
41.430000 2
41.900000 3
42.360000 4
42.820000 1
43.290000 2
43.750000 3
44.220000 4
44.690000 1
45.150000 2
45.620000 3
46.080000 4
46.550000 1
47.010000 2
47.480000 3
47.940000 4
48.410000 1
48.870000 2
49.340000 3
49.800000 4
50.270000 1
50.730000 2
51.200000 3
51.660000 4
52.130000 1
52.590000 2
53.060000 3
53.520000 4
53.990000 1
54.450000 2
54.920000 3
55.390000 4
55.850000 1
56.310000 2
56.780000 3
57.250000 4
57.710000 1
58.170000 2
58.640000 3
59.100000 4
59.460000 1
59.800000 2
60.270000 3
60.740000 4
61.200000 1
61.660000 2
62.130000 3
62.590000 4
63.060000 1
63.520000 2
63.990000 3
64.450000 4
64.920000 1
65.380000 2
65.850000 3
66.320000 4
66.780000 1
67.250000 2
67.710000 3
68.180000 4
68.640000 1
69.110000 2
69.570000 3
70.040000 4
70.500000 1
70.970000 2
71.430000 3
71.900000 4
72.360000 1
72.830000 2
73.290000 3
73.760000 4
74.220000 1
74.700000 2
75.150000 3
75.630000 4
76.080000 1
76.560000 2
77.010000 3
77.480000 4
77.940000 1
78.410000 2
78.870000 3
79.350000 4
79.810000 1
80.280000 2
80.740000 3
81.210000 4
81.780000 1
82.350000 2
82.820000 3
83.270000 4
83.760000 1
84.210000 2
84.690000 3
85.150000 4
85.620000 1
86.090000 2
86.550000 3
87.010000 4
87.480000 1
87.960000 2
88.430000 3
88.880000 4
89.370000 1
89.820000 2
90.270000 3
90.750000 4
91.210000 1
91.660000 2
92.110000 3
92.590000 4
93.040000 1
93.530000 2
94.000000 3
94.460000 4
94.940000 1
95.410000 2
95.870000 3
96.330000 4
96.770000 1
97.230000 2
97.700000 3
98.150000 4
98.620000 1
99.080000 2
99.540000 3
100.010000 4
100.500000 1
100.970000 2
101.430000 3
101.900000 4
102.360000 1
102.820000 2
103.290000 3
103.760000 4
104.220000 1
104.690000 2
105.150000 3
105.610000 4
106.080000 1
106.540000 2
107.010000 3
107.480000 4
107.940000 1
108.410000 2
108.870000 3
109.340000 4
109.800000 1
110.270000 2
110.730000 3
111.200000 4
111.660000 1
112.130000 2
112.590000 3
113.060000 4
113.520000 1
114.000000 2
114.450000 3
114.920000 4
115.380000 1
115.850000 2
116.310000 3
116.780000 4
117.250000 1
117.710000 2
118.170000 3
118.640000 4
119.100000 1
119.570000 2
120.030000 3
120.500000 4
120.970000 1
121.430000 2
121.900000 3
122.360000 4
122.820000 1
123.290000 2
123.760000 3
124.220000 4
124.690000 1
125.150000 2
125.620000 3
126.080000 4
126.550000 1
127.010000 2
127.480000 3
127.940000 4
128.410000 1
128.870000 2
129.340000 3
129.800000 4
130.270000 1
130.730000 2
131.200000 3
131.660000 4
132.130000 1
132.590000 2
133.060000 3
133.530000 4
133.990000 1
134.450000 2
134.920000 3
135.390000 4
135.850000 1
136.310000 2
136.780000 3
137.250000 4
137.710000 1
138.170000 2
138.640000 3
139.110000 4
139.570000 1
140.030000 2
140.500000 3
140.970000 4
141.430000 1
141.890000 2
142.360000 3
142.830000 4
143.290000 1
143.750000 2
144.220000 3
144.690000 4
145.150000 1
145.620000 2
146.080000 3
146.550000 4
147.010000 1
147.480000 2
147.950000 3
148.410000 4
148.880000 1
149.340000 2
149.810000 3
150.270000 4
150.740000 1
151.200000 2
151.670000 3
152.130000 4
152.600000 1
153.060000 2
153.530000 3
153.990000 4
154.460000 1
154.920000 2
155.390000 3
155.850000 4
156.320000 1
156.780000 2
157.250000 3
157.710000 4
158.190000 1
158.640000 2
159.120000 3
159.570000 4
160.040000 1
160.510000 2
160.980000 3
161.460000 4
161.910000 1
162.380000 2
162.840000 3
163.310000 4
163.770000 1
164.230000 2
164.700000 3
165.160000 4
165.630000 1
166.090000 2
166.550000 3
167.020000 4
167.480000 1
167.950000 2
168.410000 3
168.880000 4
169.350000 1
169.810000 2
170.270000 3
170.740000 4
171.200000 1
171.670000 2
172.140000 3
172.600000 4
173.070000 1
173.530000 2
173.990000 3
174.460000 4
174.920000 1
175.380000 2
175.840000 3
176.290000 4
176.780000 1
177.230000 2
177.710000 3
178.180000 4
178.660000 1
179.120000 2
179.590000 3
180.050000 4
180.490000 1
180.980000 2
181.450000 3
181.890000 4
182.370000 1
182.830000 2
183.280000 3
183.730000 4
184.220000 1
184.690000 2
185.140000 3
185.610000 4
186.080000 1
186.550000 2
187.030000 3
187.500000 4
187.960000 1
188.430000 2
188.890000 3
189.350000 4
189.810000 1
190.270000 2
190.720000 3
191.170000 4
191.660000 1
192.130000 2
192.600000 3
193.070000 4
193.530000 1
194.000000 2
194.460000 3
194.930000 4
195.380000 1
195.860000 2
196.340000 3
196.790000 4
197.260000 1
197.720000 2
198.170000 3
198.620000 4
199.110000 1
199.580000 2
200.030000 3
200.500000 4
200.970000 1
201.440000 2
201.920000 3
202.400000 4
202.860000 1
203.320000 2
203.760000 3
204.240000 4
204.680000 1
205.150000 2
205.600000 3
206.060000 4
206.530000 1
206.990000 2
207.450000 3
207.930000 4
208.410000 1
208.870000 2
209.340000 3
209.800000 4
210.270000 1
210.730000 2
211.200000 3
211.660000 4
212.130000 1
212.590000 2
213.060000 3
213.520000 4
213.990000 1
214.450000 2
214.920000 3
215.380000 4
215.850000 1
216.310000 2
216.780000 3
217.250000 4
217.710000 1
218.180000 2
218.640000 3
219.110000 4
219.570000 1
220.030000 2
220.500000 3
220.960000 4
221.430000 1
221.890000 2
222.370000 3
222.830000 4
223.290000 1
223.760000 2
224.220000 3
224.690000 4
225.150000 1
225.620000 2
226.080000 3
226.550000 4
227.010000 1
227.480000 2
227.940000 3
228.410000 4
228.870000 1
229.340000 2
229.800000 3
230.270000 4
230.730000 1
231.200000 2
231.660000 3
232.130000 4
232.590000 1
233.060000 2
233.520000 3
233.990000 4
234.450000 1
234.920000 2
235.380000 3
235.850000 4
236.320000 1
236.780000 2
237.250000 3
237.700000 4
238.180000 1
238.640000 2
239.110000 3
239.570000 4
240.040000 1
240.500000 2
240.970000 3
241.430000 4
241.900000 1
242.360000 2
242.830000 3
243.290000 4
243.760000 1
244.220000 2
244.690000 3
245.150000 4
245.620000 1
246.080000 2
246.550000 3
247.010000 4
247.480000 1
247.940000 2
248.410000 3
248.870000 4
249.340000 1
249.800000 2
250.270000 3
250.730000 4
251.200000 1
251.660000 2
252.130000 3
252.590000 4
253.060000 1
253.530000 2
253.990000 3
254.460000 4
254.920000 1
255.390000 2
255.850000 3
256.320000 4
256.780000 1
257.250000 2
257.710000 3
258.180000 4
258.640000 1
259.110000 2
259.570000 3
260.040000 4
260.500000 1
260.970000 2
261.430000 3
261.900000 4
262.360000 1
262.830000 2
263.290000 3
263.760000 4
264.220000 1
264.690000 2
265.150000 3
265.620000 4
266.080000 1
266.550000 2
267.010000 3
267.480000 4
267.940000 1
268.410000 2
268.870000 3
269.340000 4
269.800000 1
270.270000 2
270.740000 3
271.200000 4
271.660000 1
272.130000 2
272.600000 3
273.060000 4
273.520000 1
273.990000 2
274.460000 3
274.920000 4
275.380000 1
275.850000 2
276.320000 3
276.780000 4
277.250000 1
277.710000 2
278.180000 3
278.640000 4
279.110000 1
279.570000 2
280.040000 3
280.500000 4
280.970000 1
281.430000 2
281.910000 3
282.360000 4
282.830000 1
283.290000 2
283.760000 3
284.220000 4
284.690000 1
285.150000 2
285.620000 3
286.080000 4
286.550000 1
287.010000 2
287.480000 3
287.940000 4
288.410000 1
288.870000 2
289.340000 3
289.800000 4
290.270000 1
290.730000 2
291.200000 3
291.660000 4
292.130000 1
292.590000 2
293.060000 3
293.520000 4
293.990000 1
294.450000 2
294.920000 3
295.390000 4
295.850000 1
296.310000 2
296.780000 3
297.250000 4
297.710000 1
298.180000 2
298.640000 3
299.110000 4
299.570000 1
300.040000 2
300.500000 3
300.970000 4
301.430000 1
301.900000 2
302.360000 3
302.830000 4
303.290000 1
303.760000 2
304.220000 3
304.690000 4
305.150000 1
305.620000 2
306.080000 3
306.550000 4
307.010000 1
307.480000 2
307.940000 3
308.410000 4
308.870000 1
309.340000 2
309.800000 3
310.270000 4
310.730000 1
311.200000 2
311.660000 3
312.130000 4
