0.480000 2
0.970000 3
1.460000 4
1.950000 1
2.430000 2
2.920000 3
3.410000 4
3.900000 1
4.390000 2
4.870000 3
5.360000 4
5.850000 1
6.340000 2
6.830000 3
7.310000 4
7.810000 1
8.290000 2
8.780000 3
9.270000 4
9.760000 1
10.240000 2
10.740000 3
11.220000 4
11.710000 1
12.190000 2
12.690000 3
13.170000 4
13.660000 1
14.140000 2
14.640000 3
15.120000 4
15.610000 1
16.100000 2
16.580000 3
17.070000 4
17.560000 1
18.050000 2
18.530000 3
19.020000 4
19.520000 1
20.000000 2
20.490000 3
20.970000 4
21.470000 1
21.950000 2
22.450000 3
22.930000 4
23.420000 1
23.920000 2
24.400000 3
24.880000 4
25.370000 1
25.870000 2
26.340000 3
26.850000 4
27.320000 1
27.800000 2
28.300000 3
28.780000 4
29.270000 1
29.770000 2
30.240000 3
30.730000 4
31.230000 1
31.710000 2
32.200000 3
32.690000 4
33.170000 1
33.670000 2
34.140000 3
34.630000 4
35.110000 1
35.610000 2
36.100000 3
36.590000 4
37.070000 1
37.570000 2
38.050000 3
38.540000 4
39.030000 1
39.520000 2
40.000000 3
40.500000 4
40.980000 1
41.470000 2
41.960000 3
42.450000 4
42.930000 1
43.420000 2
43.900000 3
44.400000 4
44.880000 1
45.380000 2
45.860000 3
46.350000 4
46.830000 1
47.320000 2
47.800000 3
48.290000 4
48.780000 1
49.270000 2
49.760000 3
50.240000 4
50.730000 1
51.220000 2
51.710000 3
52.190000 4
52.690000 1
53.170000 2
53.660000 3
54.150000 4
54.620000 1
55.140000 2
55.600000 3
56.100000 4
56.580000 1
57.080000 2
57.560000 3
57.930000 4
58.320000 1
58.730000 2
59.100000 3
59.520000 4
59.920000 1
60.320000 2
60.710000 3
61.120000 4
61.550000 1
62.020000 2
62.470000 3
62.940000 4
63.410000 1
63.910000 2
64.390000 3
64.860000 4
65.360000 1
65.860000 2
66.330000 3
66.830000 4
67.320000 1
67.800000 2
68.280000 3
68.780000 4
69.270000 1
69.750000 2
70.230000 3
70.730000 4
71.220000 1
71.710000 2
72.190000 3
72.680000 4
73.170000 1
73.660000 2
74.140000 3
74.630000 4
75.120000 1
75.610000 2
76.090000 3
76.580000 4
77.070000 1
77.560000 2
78.050000 3
78.540000 4
79.020000 1
79.510000 2
80.000000 3
80.490000 4
80.980000 1
81.460000 2
81.950000 3
82.440000 4
82.930000 1
83.410000 2
83.900000 3
84.390000 4
84.880000 1
85.370000 2
85.850000 3
86.340000 4
86.830000 1
87.320000 2
87.810000 3
88.290000 4
88.780000 1
89.270000 2
89.760000 3
90.240000 4
90.730000 1
91.220000 2
91.710000 3
92.200000 4
92.680000 1
93.170000 2
93.660000 3
94.150000 4
94.640000 1
95.120000 2
95.610000 3
96.100000 4
96.590000 1
97.070000 2
97.560000 3
98.050000 4
98.540000 1
99.030000 2
99.510000 3
100.000000 4
100.490000 1
100.980000 2
101.470000 3
101.950000 4
102.440000 1
102.930000 2
103.410000 3
103.900000 4
104.390000 1
104.880000 2
105.370000 3
105.850000 4
106.340000 1
106.830000 2
107.320000 3
107.800000 4
108.290000 1
108.780000 2
109.270000 3
109.760000 4
110.240000 1
110.730000 2
111.220000 3
111.710000 4
112.200000 1
112.680000 2
113.170000 3
113.660000 4
114.150000 1
114.630000 2
115.120000 3
115.610000 4
116.100000 1
116.580000 2
117.070000 3
117.560000 4
118.050000 1
118.540000 2
119.020000 3
119.510000 4
120.000000 1
120.490000 2
120.970000 3
121.460000 4
121.950000 1
122.440000 2
122.930000 3
123.410000 4
123.900000 1
124.390000 2
124.880000 3
125.370000 4
125.850000 1
126.340000 2
126.830000 3
127.320000 4
127.800000 1
128.290000 2
128.780000 3
129.270000 4
129.760000 1
130.240000 2
130.730000 3
131.220000 4
131.710000 1
132.200000 2
132.670000 3
133.150000 4
133.620000 1
134.100000 2
