0.250000 1
0.740000 2
1.230000 3
1.720000 4
2.220000 1
2.710000 2
3.200000 3
3.690000 4
4.180000 1
4.670000 2
5.170000 3
5.660000 4
6.150000 1
6.640000 2
7.130000 3
7.630000 4
8.120000 1
8.610000 2
9.100000 3
9.590000 4
10.080000 1
10.580000 2
11.070000 3
11.560000 4
12.050000 1
12.540000 2
13.030000 3
13.530000 4
14.020000 1
14.510000 2
15.000000 3
15.490000 4
15.990000 1
16.480000 2
16.970000 3
17.460000 4
17.950000 1
18.440000 2
18.940000 3
19.430000 4
19.920000 1
20.410000 2
20.900000 3
21.400000 4
21.890000 1
22.380000 2
22.870000 3
23.360000 4
23.850000 1
24.350000 2
24.840000 3
25.330000 4
25.820000 1
26.310000 2
26.810000 3
27.300000 4
27.790000 1
28.280000 2
28.770000 3
29.260000 4
29.760000 1
30.250000 2
30.740000 3
31.230000 4
31.720000 1
32.220000 2
32.710000 3
33.200000 4
33.690000 1
34.180000 2
34.670000 3
35.170000 4
35.660000 1
36.150000 2
36.640000 3
37.130000 4
37.630000 1
38.120000 2
38.610000 3
39.100000 4
39.590000 1
40.080000 2
40.580000 3
41.070000 4
41.560000 1
42.050000 2
42.540000 3
43.040000 4
43.530000 1
44.020000 2
44.510000 3
45.000000 4
45.490000 1
45.990000 2
46.480000 3
46.970000 4
47.460000 1
47.950000 2
48.450000 3
48.940000 4
49.430000 1
49.920000 2
50.410000 3
50.900000 4
51.400000 1
51.890000 2
52.380000 3
52.870000 4
53.360000 1
53.850000 2
54.350000 3
54.840000 4
55.330000 1
55.820000 2
56.310000 3
56.800000 4
57.300000 1
57.790000 2
58.280000 3
58.770000 4
59.270000 1
59.750000 2
60.250000 3
60.740000 4
61.230000 1
61.720000 2
62.220000 3
62.710000 4
63.200000 1
63.690000 2
64.180000 3
64.670000 4
65.170000 1
65.660000 2
66.150000 3
66.640000 4
67.130000 1
67.630000 2
68.120000 3
68.610000 4
69.100000 1
69.590000 2
70.080000 3
70.580000 4
71.070000 1
71.560000 2
72.050000 3
72.540000 4
73.040000 1
73.530000 2
74.020000 3
74.510000 4
75.000000 1
75.490000 2
75.990000 3
76.480000 4
76.970000 1
77.460000 2
77.950000 3
78.440000 4
78.940000 1
79.430000 2
79.920000 3
80.410000 4
80.900000 1
81.390000 2
81.890000 3
82.380000 4
82.870000 1
83.360000 2
83.850000 3
84.350000 4
84.840000 1
85.330000 2
85.820000 3
86.310000 4
86.800000 1
87.300000 2
87.790000 3
88.280000 4
88.770000 1
89.260000 2
89.760000 3
90.250000 4
90.740000 1
91.230000 2
91.720000 3
92.210000 4
92.710000 1
93.200000 2
93.690000 3
94.180000 4
94.680000 1
95.170000 2
95.660000 3
96.150000 4
96.640000 1
97.130000 2
97.630000 3
98.120000 4
98.610000 1
99.100000 2
99.590000 3
100.080000 4
100.580000 1
101.070000 2
101.560000 3
102.050000 4
102.540000 1
103.030000 2
103.530000 3
104.020000 4
104.510000 1
105.000000 2
105.490000 3
105.990000 4
106.480000 1
106.970000 2
107.460000 3
107.950000 4
108.440000 1
108.940000 2
109.430000 3
109.920000 4
110.410000 1
110.900000 2
111.400000 3
111.890000 4
112.380000 1
112.870000 2
113.360000 3
113.860000 4
114.350000 1
114.840000 2
115.330000 3
115.820000 4
116.310000 1
116.810000 2
117.300000 3
117.790000 4
118.280000 1
118.770000 2
119.270000 3
119.760000 4
120.250000 1
120.740000 2
121.230000 3
121.720000 4
122.220000 1
122.710000 2
123.200000 3
123.690000 4
124.180000 1
124.670000 2
125.170000 3
125.660000 4
126.150000 1
126.640000 2
127.130000 3
127.630000 4
128.120000 1
128.610000 2
129.100000 3
129.590000 4
130.090000 1
130.580000 2
131.070000 3
131.560000 4
132.050000 1
132.540000 2
133.040000 3
133.530000 4
134.020000 1
134.510000 2
135.000000 3
135.490000 4
135.990000 1
136.480000 2
136.970000 3
137.460000 4
137.950000 1
138.440000 2
138.940000 3
139.430000 4
139.920000 1
140.410000 2
140.900000 3
141.400000 4
141.890000 1
142.380000 2
142.870000 3
143.360000 4
143.860000 1
144.350000 2
144.840000 3
145.330000 4
145.820000 1
146.320000 2
146.810000 3
147.300000 4
147.790000 1
148.280000 2
148.770000 3
149.260000 4
149.760000 1
150.250000 2
150.740000 3
151.230000 4
151.720000 1
152.220000 2
152.710000 3
153.200000 4
153.690000 1
154.180000 2
154.680000 3
155.170000 4
155.660000 1
156.150000 2
156.640000 3
157.130000 4
157.630000 1
158.120000 2
158.610000 3
159.100000 4
159.590000 1
160.080000 2
160.580000 3
161.070000 4
161.560000 1
162.050000 2
162.540000 3
163.040000 4
163.530000 1
164.020000 2
164.510000 3
165.000000 4
165.500000 1
165.990000 2
166.480000 3
166.970000 4
167.460000 1
167.950000 2
168.450000 3
168.940000 4
169.430000 1
169.920000 2
170.410000 3
170.910000 4
171.400000 1
171.890000 2
172.380000 3
172.870000 4
173.360000 1
173.860000 2
174.350000 3
174.840000 4
175.330000 1
175.830000 2
176.320000 3
176.810000 4
177.300000 1
177.790000 2
178.280000 3
178.780000 4
179.270000 1
179.760000 2
180.250000 3
180.740000 4
181.230000 1
181.730000 2
182.220000 3
182.710000 4
183.200000 1
183.700000 2
184.180000 3
184.680000 4
185.170000 1
185.660000 2
186.150000 3
186.650000 4
187.140000 1
187.630000 2
188.110000 3
188.610000 4
189.100000 1
189.480000 2
189.840000 3
190.220000 4
190.650000 1
191.060000 2
191.450000 3
191.840000 4
192.260000 1
192.650000 2
193.040000 3
193.410000 4
193.770000 1
194.150000 2
194.550000 3
194.970000 4
195.370000 1
195.740000 2
196.120000 3
196.500000 4
196.920000 1
197.320000 2
197.710000 3
198.100000 4
198.520000 1
198.920000 2
199.310000 3
199.700000 4
200.100000 1
200.520000 2
200.910000 3
201.280000 4
201.640000 1
202.020000 2
202.380000 3
202.710000 4
203.070000 1
203.420000 2
203.780000 3
204.110000 4
204.460000 1
204.840000 2
205.220000 3
205.580000 4
205.960000 1
206.320000 2
206.740000 3
207.150000 4
207.540000 1
207.950000 2
208.380000 3
208.780000 4
209.150000 1
209.510000 2
209.890000 3
210.250000 4
210.580000 1
210.930000 2
211.280000 3
211.640000 4
211.990000 1
212.330000 2
212.710000 3
213.090000 4
213.440000 1
213.820000 2
214.180000 3
214.580000 4
215.000000 1
215.400000 2
215.790000 3
216.210000 4
216.620000 1
217.020000 2
217.420000 3
217.850000 4
218.240000 1
218.610000 2
218.980000 3
219.340000 4
219.720000 1
220.090000 2
220.510000 3
220.910000 4
221.340000 1
221.770000 2
222.170000 3
222.590000 4
223.040000 1
223.470000 2
223.890000 3
224.320000 4
224.750000 1
225.170000 2
225.620000 3
226.050000 4
226.480000 1
226.900000 2
227.340000 3
227.770000 4
228.200000 1
228.630000 2
229.040000 3
229.470000 4
229.910000 1
230.340000 2
230.760000 3
231.190000 4
231.610000 1
232.040000 2
232.440000 3
232.860000 4
233.310000 1
233.720000 2
234.170000 3
234.600000 4
235.010000 1
235.440000 2
235.900000 3
236.320000 4
236.790000 1
237.240000 2
237.690000 3
238.130000 4
238.600000 1
239.070000 2
239.510000 3
240.000000 4
240.470000 1
240.920000 2
241.410000 3
241.860000 4
242.330000 1
242.820000 2
243.270000 3
243.750000 4
244.210000 1
244.680000 2
245.160000 3
245.640000 4
246.160000 1
246.640000 2
247.140000 3
247.630000 4
248.120000 1
248.610000 2
249.110000 3
249.600000 4
250.090000 1
250.580000 2
251.070000 3
251.560000 4
252.060000 1
252.550000 2
253.040000 3
253.530000 4
254.020000 1
254.510000 2
255.010000 3
255.500000 4
255.990000 1
256.480000 2
256.970000 3
257.460000 4
257.960000 1
258.450000 2
258.940000 3
259.430000 4
259.920000 1
260.410000 2
260.900000 3
261.400000 4
261.890000 1
262.380000 2
262.870000 3
263.360000 4
263.850000 1
264.350000 2
264.840000 3
265.330000 4
265.820000 1
266.310000 2
266.810000 3
267.300000 4
267.790000 1
268.280000 2
268.770000 3
269.270000 4
269.760000 1
270.250000 2
270.740000 3
271.230000 4
271.720000 1
272.220000 2
272.710000 3
273.200000 4
273.690000 1
274.180000 2
274.670000 3
275.170000 4
275.660000 1
276.150000 2
276.640000 3
277.130000 4
277.630000 1
278.120000 2
278.610000 3
279.100000 4
279.590000 1
280.080000 2
280.580000 3
281.070000 4
281.560000 1
282.040000 2
282.520000 3
283.030000 4
283.530000 1
284.020000 2
284.510000 3
285.000000 4
285.500000 1
285.980000 2
286.480000 3
286.970000 4
287.460000 1
287.950000 2
288.450000 3
288.940000 4
289.430000 1
289.920000 2
290.410000 3
290.900000 4
291.390000 1
291.890000 2
292.380000 3
292.870000 4
293.360000 1
293.850000 2
294.350000 3
294.840000 4
295.330000 1
295.820000 2
296.310000 3
296.810000 4
297.300000 1
297.790000 2
298.280000 3
298.770000 4
299.260000 1
299.760000 2
300.250000 3
300.740000 4
301.230000 1
301.720000 2
302.220000 3
302.710000 4
303.200000 1
303.690000 2
304.180000 3
304.680000 4
305.170000 1
305.660000 2
306.150000 3
306.640000 4
307.130000 1
307.620000 2
308.120000 3
308.610000 4
309.100000 1
309.590000 2
310.080000 3
310.580000 4
311.070000 1
311.560000 2
312.050000 3
312.540000 4
313.040000 1
313.530000 2
314.020000 3
314.510000 4
315.000000 1
315.490000 2
315.990000 3
316.480000 4
316.970000 1
317.460000 2
317.950000 3
318.450000 4
318.940000 1
319.430000 2
319.920000 3
320.410000 4
320.910000 1
321.400000 2
321.890000 3
322.380000 4
322.870000 1
323.360000 2
323.850000 3
324.350000 4
324.840000 1
325.330000 2
325.820000 3
326.310000 4
326.810000 1
327.300000 2
327.790000 3
328.280000 4
328.770000 1
329.260000 2
329.760000 3
330.250000 4
330.740000 1
331.230000 2
331.720000 3
332.220000 4
332.710000 1
333.200000 2
333.690000 3
334.180000 4
334.680000 1
335.170000 2
335.660000 3
336.150000 4
336.640000 1
337.130000 2
337.630000 3
338.120000 4
338.610000 1
339.100000 2
339.590000 3
340.080000 4
340.580000 1
341.070000 2
341.560000 3
342.050000 4
342.550000 1
343.030000 2
343.530000 3
344.020000 4
344.510000 1
345.000000 2
345.500000 3
345.990000 4
346.480000 1
346.970000 2
347.460000 3
347.950000 4
348.450000 1
348.940000 2
349.430000 3
349.920000 4
350.410000 1
350.900000 2
351.400000 3
351.890000 4
352.380000 1
352.870000 2
353.360000 3
353.860000 4
354.350000 1
354.840000 2
355.330000 3
355.820000 4
356.310000 1
356.810000 2
357.300000 3
357.790000 4
358.280000 1
358.770000 2
359.270000 3
359.760000 4
360.250000 1
360.740000 2
361.230000 3
361.720000 4
362.220000 1
362.710000 2
363.200000 3
363.690000 4
364.180000 1
364.670000 2
365.170000 3
365.660000 4
366.150000 1
366.640000 2
367.140000 3
367.630000 4
368.120000 1
368.610000 2
369.100000 3
369.590000 4
370.090000 1
370.580000 2
371.070000 3
371.560000 4
372.050000 1
372.540000 2
373.040000 3
373.530000 4
374.020000 1
374.510000 2
375.010000 3
375.500000 4
375.990000 1
376.480000 2
376.970000 3
377.460000 4
377.960000 1
378.450000 2
378.940000 3
379.430000 4
379.920000 1
380.410000 2
380.900000 3
381.400000 4
381.890000 1
382.380000 2
382.870000 3
383.360000 4
383.860000 1
384.350000 2
384.840000 3
385.330000 4
385.820000 1
386.310000 2
386.810000 3
387.300000 4
387.790000 1
388.280000 2
388.770000 3
389.260000 4
389.760000 1
390.250000 2
390.740000 3
391.230000 4
391.720000 1
392.220000 2
392.710000 3
393.200000 4
393.690000 1
394.180000 2
394.680000 3
395.170000 4
395.660000 1
396.150000 2
396.640000 3
397.130000 4
397.620000 1
398.120000 2
398.610000 3
399.100000 4
399.590000 1
400.080000 2
400.580000 3
401.070000 4
401.560000 1
402.050000 2
402.540000 3
403.040000 4
403.530000 1
404.020000 2
404.510000 3
405.000000 4
405.500000 1
405.990000 2
406.480000 3
406.970000 4
407.460000 1
407.950000 2
408.450000 3
408.940000 4
409.430000 1
409.920000 2
410.410000 3
410.900000 4
411.400000 1
411.890000 2
412.380000 3
412.870000 4
413.360000 1
413.850000 2
414.350000 3
414.840000 4
415.330000 1
415.820000 2
416.310000 3
416.810000 4
417.300000 1
417.790000 2
418.280000 3
418.770000 4
419.260000 1
419.760000 2
420.250000 3
420.740000 4
421.230000 1
421.720000 2
422.220000 3
422.710000 4
423.200000 1
423.690000 2
424.180000 3
424.670000 4
425.170000 1
425.660000 2
426.150000 3
426.640000 4
427.130000 1
427.620000 2
428.120000 3
428.610000 4
429.100000 1
429.590000 2
430.080000 3
430.580000 4
431.070000 1
431.560000 2
432.050000 3
432.540000 4
433.030000 1
433.530000 2
434.020000 3
434.510000 4
435.000000 1
435.490000 2
435.990000 3
436.480000 4
436.970000 1
437.460000 2
437.950000 3
438.440000 4
438.940000 1
439.430000 2
439.920000 3
440.410000 4
440.900000 1
441.400000 2
441.890000 3
442.380000 4
442.870000 1
443.360000 2
443.850000 3
444.350000 4
444.840000 1
445.330000 2
445.820000 3
446.310000 4
446.810000 1
447.300000 2
447.790000 3
448.280000 4
448.770000 1
449.260000 2
449.760000 3
450.250000 4
450.740000 1
451.230000 2
451.720000 3
452.220000 4
452.710000 1
453.200000 2
453.690000 3
454.180000 4
454.670000 1
455.170000 2
455.660000 3
456.150000 4
456.640000 1
457.130000 2
457.630000 3
458.120000 4
458.610000 1
459.100000 2
459.590000 3
460.080000 4
460.580000 1
461.070000 2
461.560000 3
462.050000 4
462.540000 1
463.030000 2
463.530000 3
464.020000 4
464.510000 1
465.000000 2
465.490000 3
465.990000 4
466.480000 1
466.970000 2
467.460000 3
467.950000 4
468.450000 1
468.940000 2
469.430000 3
469.920000 4
470.410000 1
470.900000 2
471.400000 3
471.890000 4
472.370000 1
472.840000 2
