0.040000 2
0.530000 3
1.020000 4
1.510000 1
1.990000 2
2.480000 3
2.970000 4
3.460000 1
3.950000 2
4.430000 3
4.920000 4
5.410000 1
5.900000 2
6.380000 3
6.870000 4
7.360000 1
7.850000 2
8.340000 3
8.820000 4
9.310000 1
9.800000 2
10.290000 3
10.780000 4
11.260000 1
11.750000 2
12.240000 3
12.730000 4
13.210000 1
13.700000 2
14.190000 3
14.680000 4
15.170000 1
15.650000 2
16.140000 3
16.630000 4
17.120000 1
17.600000 2
18.090000 3
18.580000 4
19.070000 1
19.560000 2
20.050000 3
20.530000 4
21.020000 1
21.510000 2
22.000000 3
22.480000 4
22.970000 1
23.460000 2
23.950000 3
24.430000 4
24.920000 1
25.410000 2
25.900000 3
26.390000 4
26.870000 1
27.360000 2
27.850000 3
28.340000 4
28.820000 1
29.310000 2
29.800000 3
30.290000 4
30.770000 1
31.260000 2
31.750000 3
32.240000 4
32.730000 1
33.210000 2
33.700000 3
34.190000 4
34.680000 1
35.170000 2
35.650000 3
36.140000 4
36.630000 1
37.120000 2
37.600000 3
38.090000 4
38.580000 1
39.070000 2
39.560000 3
40.040000 4
40.530000 1
41.020000 2
41.510000 3
42.000000 4
42.480000 1
42.970000 2
43.460000 3
43.950000 4
44.430000 1
44.920000 2
45.410000 3
45.900000 4
46.390000 1
46.870000 2
47.360000 3
47.850000 4
48.340000 1
48.830000 2
49.310000 3
49.800000 4
50.290000 1
50.780000 2
51.260000 3
51.750000 4
52.240000 1
52.730000 2
53.210000 3
53.700000 4
54.190000 1
54.680000 2
55.170000 3
55.660000 4
56.140000 1
56.630000 2
57.120000 3
57.610000 4
58.090000 1
58.580000 2
59.070000 3
59.560000 4
60.040000 1
60.530000 2
61.020000 3
61.510000 4
62.000000 1
62.480000 2
62.970000 3
63.460000 4
63.950000 1
64.440000 2
64.930000 3
65.410000 4
65.900000 1
66.390000 2
66.880000 3
67.360000 4
67.850000 1
68.340000 2
68.830000 3
69.310000 4
69.800000 1
70.290000 2
70.780000 3
71.270000 4
71.760000 1
72.240000 2
72.730000 3
73.220000 4
73.710000 1
74.190000 2
74.680000 3
75.170000 4
75.660000 1
76.150000 2
76.630000 3
77.120000 4
77.610000 1
78.100000 2
78.580000 3
79.050000 4
79.570000 1
80.050000 2
80.530000 3
81.020000 4
81.520000 1
82.000000 2
82.480000 3
82.970000 4
83.460000 1
83.950000 2
84.430000 3
84.920000 4
85.410000 1
85.900000 2
86.420000 3
86.910000 4
87.430000 1
87.960000 2
88.480000 3
89.040000 4
89.580000 1
90.150000 2
90.680000 3
91.240000 4
91.750000 1
92.220000 2
92.720000 3
93.210000 4
93.700000 1
94.190000 2
94.680000 3
95.170000 4
95.650000 1
96.140000 2
96.630000 3
97.120000 4
97.610000 1
98.090000 2
98.580000 3
99.070000 4
99.560000 1
100.040000 2
100.530000 3
101.020000 4
101.510000 1
102.000000 2
102.480000 3
102.970000 4
103.460000 1
103.950000 2
104.430000 3
104.920000 4
105.410000 1
105.900000 2
106.390000 3
106.870000 4
107.360000 1
107.850000 2
108.330000 3
108.830000 4
109.310000 1
109.800000 2
110.290000 3
110.780000 4
111.270000 1
111.750000 2
112.240000 3
112.730000 4
113.220000 1
113.700000 2
114.190000 3
114.680000 4
115.170000 1
115.660000 2
116.140000 3
116.630000 4
117.120000 1
117.610000 2
118.090000 3
118.580000 4
119.070000 1
119.560000 2
120.040000 3
120.530000 4
121.020000 1
121.510000 2
122.000000 3
122.480000 4
122.970000 1
123.460000 2
123.950000 3
124.440000 4
124.920000 1
125.410000 2
125.900000 3
126.390000 4
126.870000 1
127.360000 2
127.850000 3
128.340000 4
128.830000 1
129.310000 2
129.800000 3
130.290000 4
130.780000 1
131.260000 2
131.750000 3
132.240000 4
132.730000 1
133.220000 2
133.700000 3
134.190000 4
134.680000 1
135.170000 2
135.650000 3
136.140000 4
136.630000 1
137.120000 2
137.610000 3
138.090000 4
138.580000 1
139.070000 2
139.560000 3
140.040000 4
140.530000 1
141.020000 2
141.510000 3
142.000000 4
142.490000 1
142.970000 2
143.460000 3
143.950000 4
144.440000 1
144.920000 2
145.410000 3
145.900000 4
146.390000 1
146.880000 2
147.360000 3
147.850000 4
148.340000 1
148.830000 2
149.310000 3
149.800000 4
150.290000 1
150.780000 2
151.270000 3
151.750000 4
152.240000 1
152.730000 2
153.220000 3
153.710000 4
154.190000 1
154.680000 2
155.170000 3
155.660000 4
156.140000 1
156.630000 2
157.120000 3
157.610000 4
158.100000 1
158.580000 2
159.070000 3
159.560000 4
160.050000 1
160.530000 2
161.020000 3
161.510000 4
162.000000 1
162.490000 2
162.970000 3
163.460000 4
163.950000 1
164.440000 2
164.920000 3
165.410000 4
165.900000 1
166.390000 2
166.880000 3
167.360000 4
167.850000 1
168.340000 2
168.830000 3
169.320000 4
169.800000 1
170.290000 2
170.780000 3
171.270000 4
171.750000 1
172.240000 2
172.730000 3
173.220000 4
173.710000 1
174.190000 2
174.680000 3
175.170000 4
175.660000 1
176.150000 2
176.630000 3
177.120000 4
177.610000 1
178.100000 2
178.580000 3
179.070000 4
179.560000 1
180.050000 2
180.530000 3
181.020000 4
181.510000 1
182.000000 2
182.490000 3
182.970000 4
183.460000 1
183.950000 2
184.440000 3
184.930000 4
185.410000 1
185.900000 2
186.390000 3
186.870000 4
187.360000 1
187.850000 2
188.340000 3
188.840000 4
189.330000 1
189.800000 2
190.290000 3
190.780000 4
191.270000 1
191.750000 2
192.240000 3
192.730000 4
193.220000 1
193.700000 2
194.200000 3
194.680000 4
195.170000 1
195.650000 2
196.140000 3
196.640000 4
197.130000 1
197.610000 2
198.090000 3
198.580000 4
199.070000 1
199.560000 2
200.040000 3
200.530000 4
201.030000 1
201.510000 2
202.000000 3
202.480000 4
202.990000 1
203.470000 2
203.960000 3
204.440000 4
204.940000 1
205.420000 2
205.900000 3
206.400000 4
206.890000 1
207.380000 2
207.860000 3
208.350000 4
208.830000 1
209.320000 2
209.810000 3
210.300000 4
210.790000 1
211.280000 2
211.760000 3
212.250000 4
212.730000 1
213.230000 2
213.700000 3
214.200000 4
214.680000 1
215.170000 2
215.650000 3
216.150000 4
216.630000 1
217.120000 2
217.600000 3
218.100000 4
218.590000 1
219.080000 2
219.550000 3
220.060000 4
220.530000 1
221.030000 2
221.500000 3
222.000000 4
222.480000 1
222.980000 2
223.460000 3
223.950000 4
224.430000 1
224.930000 2
225.410000 3
225.900000 4
226.380000 1
226.880000 2
227.360000 3
227.860000 4
228.330000 1
228.830000 2
229.310000 3
229.810000 4
230.290000 1
230.780000 2
231.260000 3
231.760000 4
232.240000 1
232.740000 2
233.210000 3
233.710000 4
234.190000 1
234.680000 2
235.160000 3
235.650000 4
236.140000 1
236.630000 2
237.110000 3
237.610000 4
238.090000 1
238.580000 2
239.070000 3
239.560000 4
240.040000 1
240.530000 2
241.020000 3
241.510000 4
242.000000 1
242.480000 2
242.970000 3
243.460000 4
243.940000 1
244.440000 2
244.920000 3
245.410000 4
245.900000 1
246.390000 2
246.870000 3
247.360000 4
247.850000 1
248.340000 2
248.820000 3
249.310000 4
249.800000 1
250.290000 2
250.770000 3
251.260000 4
251.750000 1
252.240000 2
252.730000 3
253.220000 4
253.700000 1
254.190000 2
254.680000 3
255.170000 4
255.650000 1
256.140000 2
256.630000 3
257.120000 4
257.610000 1
258.090000 2
258.580000 3
259.070000 4
259.560000 1
260.050000 2
260.530000 3
261.020000 4
261.510000 1
262.000000 2
262.480000 3
262.970000 4
263.460000 1
263.950000 2
264.430000 3
264.920000 4
265.410000 1
265.900000 2
266.390000 3
266.880000 4
267.360000 1
267.850000 2
268.340000 3
268.830000 4
269.310000 1
269.800000 2
270.290000 3
270.780000 4
271.270000 1
271.750000 2
272.240000 3
272.730000 4
273.220000 1
273.700000 2
274.190000 3
274.680000 4
275.170000 1
275.660000 2
276.140000 3
276.630000 4
277.120000 1
277.610000 2
278.090000 3
278.580000 4
279.070000 1
279.560000 2
280.050000 3
280.530000 4
281.020000 1
281.510000 2
282.000000 3
282.490000 4
282.970000 1
283.460000 2
283.950000 3
284.440000 4
284.920000 1
285.410000 2
285.900000 3
286.390000 4
286.870000 1
287.360000 2
287.850000 3
288.340000 4
288.830000 1
289.320000 2
289.800000 3
290.290000 4
290.780000 1
291.270000 2
291.750000 3
292.240000 4
292.730000 1
293.220000 2
293.700000 3
294.190000 4
294.680000 1
295.170000 2
295.540000 3
295.900000 4
296.270000 1
296.630000 2
297.120000 3
297.610000 4
298.090000 1
298.580000 2
299.070000 3
299.560000 4
300.050000 1
300.530000 2
301.020000 3
301.510000 4
302.000000 1
302.480000 2
302.970000 3
303.460000 4
303.950000 1
304.430000 2
304.920000 3
305.410000 4
305.900000 1
306.390000 2
306.870000 3
307.360000 4
307.850000 1
308.340000 2
308.830000 3
309.310000 4
309.800000 1
310.290000 2
310.770000 3
311.260000 4
311.750000 1
312.240000 2
312.730000 3
313.220000 4
313.700000 1
314.190000 2
314.680000 3
315.170000 4
315.650000 1
316.140000 2
316.630000 3
317.120000 4
317.610000 1
318.090000 2
318.580000 3
319.070000 4
319.560000 1
320.040000 2
320.530000 3
321.020000 4
321.510000 1
322.000000 2
322.480000 3
322.970000 4
323.460000 1
323.940000 2
324.430000 3
324.920000 4
325.410000 1
325.900000 2
326.390000 3
326.870000 4
327.360000 1
327.850000 2
328.340000 3
328.820000 4
329.310000 1
329.800000 2
330.290000 3
330.780000 4
331.260000 1
331.750000 2
332.240000 3
332.730000 4
333.220000 1
333.700000 2
334.190000 3
334.680000 4
335.170000 1
335.650000 2
336.140000 3
336.630000 4
337.120000 1
337.610000 2
338.090000 3
338.580000 4
339.070000 1
339.560000 2
340.040000 3
340.530000 4
341.020000 1
341.510000 2
341.990000 3
342.480000 4
342.970000 1
