0.580000 2
1.240000 3
1.840000 4
2.500000 1
3.130000 2
3.740000 3
4.360000 4
4.990000 1
5.620000 2
6.250000 3
6.880000 4
7.530000 1
8.160000 2
8.750000 3
9.340000 4
9.940000 1
10.490000 2
10.950000 3
11.400000 4
11.840000 1
12.300000 2
12.740000 3
13.180000 4
13.610000 1
14.070000 2
14.490000 3
14.920000 4
15.350000 1
15.790000 2
16.230000 3
16.660000 4
17.100000 1
17.530000 2
17.960000 3
18.400000 4
18.830000 1
19.270000 2
19.700000 3
20.140000 4
20.570000 1
21.000000 2
21.440000 3
21.880000 4
22.310000 1
22.750000 2
23.180000 3
23.620000 4
24.050000 1
24.490000 2
24.940000 3
25.360000 4
25.780000 1
26.230000 2
26.640000 3
27.070000 4
27.530000 1
27.970000 2
28.400000 3
28.840000 4
29.270000 1
29.710000 2
30.140000 3
30.580000 4
31.010000 1
31.440000 2
31.880000 3
32.310000 4
32.750000 1
33.180000 2
33.620000 3
34.050000 4
34.490000 1
34.920000 2
35.360000 3
35.800000 4
36.230000 1
36.660000 2
37.100000 3
37.530000 4
37.970000 1
38.400000 2
38.840000 3
39.270000 4
39.700000 1
40.140000 2
40.580000 3
41.010000 4
41.440000 1
41.880000 2
42.320000 3
42.750000 4
43.180000 1
43.620000 2
44.050000 3
44.490000 4
44.920000 1
45.360000 2
45.790000 3
46.230000 4
46.660000 1
47.100000 2
47.530000 3
47.970000 4
48.400000 1
48.840000 2
49.270000 3
49.710000 4
50.140000 1
50.580000 2
51.010000 3
51.450000 4
51.880000 1
52.320000 2
52.750000 3
53.180000 4
53.620000 1
54.060000 2
54.490000 3
54.920000 4
55.360000 1
55.790000 2
56.230000 3
56.660000 4
57.090000 1
57.530000 2
57.970000 3
58.400000 4
58.830000 1
59.270000 2
59.700000 3
60.140000 4
60.570000 1
61.010000 2
61.440000 3
61.880000 4
62.310000 1
62.750000 2
63.180000 3
63.620000 4
64.050000 1
64.490000 2
64.920000 3
65.360000 4
65.790000 1
66.230000 2
66.660000 3
67.100000 4
67.540000 1
67.970000 2
68.410000 3
68.840000 4
69.260000 1
69.710000 2
70.150000 3
70.590000 4
71.000000 1
71.450000 2
71.880000 3
72.310000 4
72.730000 1
73.190000 2
73.620000 3
74.070000 4
74.490000 1
74.930000 2
75.380000 3
75.810000 4
76.240000 1
76.690000 2
77.120000 3
77.530000 4
77.960000 1
78.400000 2
78.850000 3
79.280000 4
79.710000 1
80.150000 2
80.590000 3
81.010000 4
81.430000 1
81.880000 2
82.310000 3
82.750000 4
83.180000 1
83.620000 2
84.060000 3
84.500000 4
84.920000 1
85.350000 2
85.790000 3
86.230000 4
86.640000 1
87.070000 2
87.520000 3
87.950000 4
88.370000 1
88.830000 2
89.270000 3
89.710000 4
90.130000 1
90.590000 2
91.010000 3
91.440000 4
91.880000 1
92.310000 2
92.750000 3
93.180000 4
93.620000 1
94.050000 2
94.490000 3
94.920000 4
95.360000 1
95.790000 2
96.230000 3
96.660000 4
97.100000 1
97.530000 2
97.970000 3
98.400000 4
98.840000 1
99.270000 2
99.710000 3
100.140000 4
100.580000 1
101.010000 2
101.450000 3
101.880000 4
102.310000 1
102.750000 2
103.180000 3
103.620000 4
104.050000 1
104.490000 2
104.920000 3
105.360000 4
105.790000 1
106.230000 2
106.660000 3
107.100000 4
107.530000 1
107.970000 2
108.400000 3
108.840000 4
109.270000 1
109.710000 2
110.140000 3
110.580000 4
111.010000 1
111.450000 2
111.880000 3
112.320000 4
112.750000 1
113.190000 2
113.620000 3
114.050000 4
114.490000 1
114.930000 2
115.360000 3
115.790000 4
116.230000 1
116.660000 2
117.100000 3
117.530000 4
117.960000 1
118.410000 2
118.840000 3
119.280000 4
119.700000 1
120.140000 2
120.570000 3
121.000000 4
121.430000 1
121.880000 2
122.310000 3
122.760000 4
123.180000 1
123.620000 2
124.080000 3
124.500000 4
124.930000 1
125.380000 2
125.810000 3
126.230000 4
126.660000 1
127.100000 2
127.540000 3
127.980000 4
128.400000 1
128.840000 2
129.280000 3
129.700000 4
130.130000 1
130.570000 2
130.980000 3
131.410000 4
131.860000 1
132.280000 2
