1.690000 3
2.650000 4
3.620000 1
4.560000 2
5.510000 3
6.440000 4
7.320000 1
8.240000 2
9.140000 3
10.090000 4
11.080000 1
11.980000 2
12.960000 3
13.780000 4
14.620000 1
15.500000 2
16.390000 3
17.230000 4
18.110000 1
18.970000 2
19.870000 3
20.780000 4
21.670000 1
22.560000 2
23.460000 3
24.360000 4
25.250000 1
26.150000 2
27.040000 3
27.940000 4
28.830000 1
29.730000 2
30.620000 3
31.520000 4
32.420000 1
33.310000 2
34.200000 3
35.100000 4
36.000000 1
36.890000 2
37.790000 3
38.680000 4
39.580000 1
40.480000 2
41.370000 3
42.270000 4
43.160000 1
44.060000 2
44.950000 3
45.850000 4
46.750000 1
47.640000 2
48.530000 3
49.430000 4
50.280000 1
50.790000 2
51.230000 3
51.690000 4
52.110000 1
52.580000 2
53.010000 3
53.480000 4
53.910000 1
54.370000 2
54.810000 3
55.270000 4
55.700000 1
56.150000 2
56.590000 3
57.050000 4
57.490000 1
57.950000 2
58.390000 3
58.850000 4
59.280000 1
59.740000 2
60.180000 3
60.640000 4
61.070000 1
61.530000 2
61.970000 3
62.430000 4
62.860000 1
63.320000 2
63.760000 3
64.220000 4
64.660000 1
65.120000 2
65.550000 3
66.010000 4
66.440000 1
66.900000 2
67.340000 3
67.800000 4
68.230000 1
68.690000 2
69.130000 3
69.600000 4
70.030000 1
70.480000 2
70.920000 3
71.380000 4
71.810000 1
72.280000 2
72.710000 3
73.180000 4
73.610000 1
74.060000 2
74.500000 3
74.960000 4
75.400000 1
75.860000 2
76.290000 3
76.760000 4
77.190000 1
77.650000 2
78.090000 3
78.550000 4
78.990000 1
79.440000 2
79.880000 3
80.340000 4
80.770000 1
81.230000 2
81.670000 3
82.130000 4
82.560000 1
83.020000 2
83.460000 3
83.930000 4
84.360000 1
84.810000 2
85.250000 3
85.710000 4
86.150000 1
86.610000 2
87.040000 3
87.510000 4
87.940000 1
88.400000 2
88.840000 3
89.300000 4
89.730000 1
90.190000 2
90.630000 3
91.090000 4
91.520000 1
91.990000 2
92.420000 3
92.880000 4
93.310000 1
93.770000 2
94.210000 3
94.660000 4
95.110000 1
95.560000 2
96.000000 3
96.460000 4
96.900000 1
97.350000 2
97.790000 3
98.250000 4
98.680000 1
99.130000 2
99.580000 3
100.030000 4
100.470000 1
100.920000 2
101.370000 3
101.820000 4
102.260000 1
102.710000 2
103.160000 3
103.610000 4
104.060000 1
104.510000 2
104.960000 3
105.390000 4
105.850000 1
106.310000 2
106.740000 3
107.210000 4
107.640000 1
108.100000 2
108.540000 3
109.000000 4
109.430000 1
109.890000 2
110.330000 3
110.780000 4
111.220000 1
111.670000 2
112.120000 3
112.580000 4
113.010000 1
113.480000 2
113.910000 3
114.370000 4
114.810000 1
115.260000 2
115.700000 3
116.160000 4
116.590000 1
117.060000 2
117.490000 3
117.950000 4
118.390000 1
118.840000 2
119.280000 3
119.740000 4
120.180000 1
120.640000 2
121.070000 3
121.530000 4
121.970000 1
122.430000 2
122.870000 3
123.330000 4
123.760000 1
124.220000 2
124.650000 3
125.110000 4
125.550000 1
126.010000 2
126.440000 3
126.910000 4
127.340000 1
127.800000 2
128.240000 3
128.700000 4
129.130000 1
129.590000 2
130.030000 3
130.490000 4
130.920000 1
131.380000 2
131.820000 3
132.280000 4
132.720000 1
133.170000 2
133.630000 3
134.070000 4
134.500000 1
134.960000 2
135.400000 3
135.860000 4
136.290000 1
136.760000 2
137.190000 3
137.660000 4
138.090000 1
138.550000 2
138.990000 3
139.450000 4
139.880000 1
140.340000 2
140.770000 3
141.230000 4
141.670000 1
142.130000 2
142.570000 3
143.020000 4
143.460000 1
143.920000 2
144.360000 3
144.820000 4
145.250000 1
145.710000 2
146.150000 3
146.610000 4
147.040000 1
147.500000 2
147.940000 3
148.410000 4
148.830000 1
149.290000 2
149.730000 3
150.190000 4
150.620000 1
151.090000 2
151.520000 3
151.980000 4
152.420000 1
152.880000 2
153.310000 3
153.770000 4
154.200000 1
154.660000 2
155.100000 3
155.560000 4
156.000000 1
156.460000 2
156.890000 3
157.350000 4
157.790000 1
158.250000 2
158.690000 3
159.160000 4
159.590000 1
160.060000 2
160.490000 3
160.920000 4
161.380000 1
161.800000 2
162.270000 3
162.720000 4
163.160000 1
163.620000 2
164.060000 3
164.520000 4
164.950000 1
165.410000 2
165.850000 3
166.310000 4
166.740000 1
167.200000 2
167.640000 3
168.100000 4
168.530000 1
168.990000 2
169.430000 3
169.890000 4
170.320000 1
170.770000 2
171.220000 3
171.670000 4
172.120000 1
172.560000 2
173.010000 3
173.460000 4
173.910000 1
174.360000 2
174.800000 3
175.250000 4
175.700000 1
176.150000 2
176.600000 3
177.070000 4
177.490000 1
177.950000 2
178.390000 3
178.840000 4
179.280000 1
179.740000 2
180.180000 3
180.640000 4
181.070000 1
181.530000 2
181.970000 3
182.430000 4
182.860000 1
183.310000 2
183.760000 3
184.220000 4
184.660000 1
185.120000 2
185.550000 3
186.010000 4
186.450000 1
186.910000 2
187.340000 3
187.800000 4
188.240000 1
188.700000 2
189.130000 3
189.590000 4
190.030000 1
190.490000 2
190.930000 3
191.390000 4
191.820000 1
192.280000 2
192.710000 3
193.170000 4
193.610000 1
194.070000 2
194.500000 3
194.970000 4
195.400000 1
195.860000 2
196.300000 3
196.760000 4
197.180000 1
197.650000 2
198.090000 3
198.550000 4
198.980000 1
199.450000 2
199.880000 3
200.340000 4
200.770000 1
201.230000 2
201.670000 3
202.130000 4
202.560000 1
203.030000 2
203.460000 3
203.920000 4
204.360000 1
204.830000 2
205.290000 3
205.730000 4
206.190000 1
206.660000 2
207.150000 3
207.610000 4
208.090000 1
208.510000 2
208.970000 3
209.410000 4
209.840000 1
210.270000 2
210.720000 3
211.180000 4
211.640000 1
212.070000 2
212.520000 3
212.970000 4
213.430000 1
213.890000 2
214.330000 3
214.790000 4
215.230000 1
215.670000 2
216.130000 3
216.580000 4
217.020000 1
217.490000 2
217.920000 3
218.350000 4
218.760000 1
219.210000 2
219.640000 3
220.050000 4
220.480000 1
220.940000 2
221.370000 3
221.820000 4
222.260000 1
222.700000 2
223.160000 3
223.600000 4
224.060000 1
224.520000 2
224.960000 3
225.400000 4
225.850000 1
226.320000 2
226.750000 3
227.220000 4
227.640000 1
228.090000 2
228.530000 3
228.980000 4
229.430000 1
229.880000 2
230.330000 3
230.780000 4
231.220000 1
231.670000 2
232.120000 3
232.570000 4
233.010000 1
233.460000 2
233.910000 3
234.350000 4
234.780000 1
235.240000 2
235.700000 3
236.150000 4
236.590000 1
237.050000 2
237.490000 3
237.940000 4
238.380000 1
238.840000 2
239.280000 3
239.740000 4
240.180000 1
240.630000 2
241.070000 3
241.520000 4
241.970000 1
242.430000 2
242.860000 3
243.320000 4
243.760000 1
244.220000 2
244.650000 3
245.120000 4
245.550000 1
246.010000 2
246.450000 3
246.910000 4
247.340000 1
247.800000 2
248.240000 3
248.690000 4
249.130000 1
249.590000 2
250.030000 3
250.480000 4
250.920000 1
251.380000 2
251.820000 3
252.280000 4
252.710000 1
253.170000 2
253.610000 3
254.070000 4
254.510000 1
254.970000 2
255.400000 3
255.870000 4
256.300000 1
256.760000 2
257.190000 3
257.650000 4
258.090000 1
258.550000 2
258.980000 3
259.440000 4
259.880000 1
260.340000 2
260.780000 3
261.240000 4
261.670000 1
262.120000 2
