0.020000 1
0.490000 2
0.950000 3
1.420000 4
1.890000 1
2.360000 2
2.820000 3
3.300000 4
3.760000 1
4.230000 2
4.700000 3
5.170000 4
5.640000 1
6.110000 2
6.580000 3
7.050000 4
7.510000 1
7.990000 2
8.450000 3
8.920000 4
9.390000 1
9.860000 2
10.330000 3
10.800000 4
11.260000 1
11.740000 2
12.200000 3
12.670000 4
13.140000 1
13.610000 2
14.080000 3
14.550000 4
15.020000 1
15.490000 2
15.960000 3
16.420000 4
16.890000 1
17.360000 2
17.830000 3
18.300000 4
18.770000 1
19.240000 2
19.710000 3
20.170000 4
20.640000 1
21.110000 2
21.580000 3
22.050000 4
22.520000 1
22.990000 2
23.460000 3
23.920000 4
24.390000 1
24.860000 2
25.330000 3
25.800000 4
26.270000 1
26.740000 2
27.210000 3
27.680000 4
28.140000 1
28.620000 2
29.090000 3
29.550000 4
30.020000 1
30.490000 2
30.960000 3
31.420000 4
31.890000 1
32.360000 2
32.830000 3
33.300000 4
33.770000 1
34.240000 2
34.710000 3
35.170000 4
35.640000 1
36.110000 2
36.580000 3
37.050000 4
37.520000 1
37.990000 2
38.460000 3
38.930000 4
39.390000 1
39.860000 2
40.330000 3
40.800000 4
41.270000 1
41.740000 2
42.210000 3
42.680000 4
43.140000 1
43.610000 2
44.080000 3
44.550000 4
45.020000 1
45.490000 2
45.960000 3
46.420000 4
46.900000 1
47.360000 2
47.840000 3
48.300000 4
48.770000 1
49.240000 2
49.710000 3
50.170000 4
50.650000 1
51.120000 2
51.580000 3
52.060000 4
52.520000 1
52.990000 2
53.460000 3
53.920000 4
54.400000 1
54.860000 2
55.340000 3
55.800000 4
56.270000 1
56.740000 2
57.220000 3
57.670000 4
58.150000 1
58.620000 2
59.090000 3
59.550000 4
60.020000 1
60.480000 2
60.960000 3
61.420000 4
61.900000 1
62.370000 2
62.830000 3
63.300000 4
63.770000 1
64.240000 2
64.710000 3
65.180000 4
65.650000 1
66.110000 2
66.580000 3
67.050000 4
67.520000 1
67.990000 2
68.450000 3
68.910000 4
69.380000 1
69.850000 2
70.330000 3
70.790000 4
71.260000 1
71.730000 2
72.200000 3
72.670000 4
73.140000 1
73.610000 2
74.080000 3
74.550000 4
75.010000 1
75.480000 2
75.950000 3
76.420000 4
76.890000 1
77.360000 2
77.830000 3
78.300000 4
78.760000 1
79.240000 2
79.700000 3
80.170000 4
80.640000 1
81.110000 2
81.580000 3
82.050000 4
82.510000 1
82.980000 2
83.450000 3
83.920000 4
84.390000 1
84.860000 2
85.330000 3
85.800000 4
86.270000 1
86.730000 2
87.200000 3
87.670000 4
88.140000 1
88.610000 2
89.080000 3
89.550000 4
90.020000 1
90.490000 2
90.960000 3
91.430000 4
91.890000 1
92.360000 2
92.830000 3
93.300000 4
93.770000 1
94.240000 2
94.710000 3
95.180000 4
95.640000 1
96.110000 2
96.580000 3
97.050000 4
97.520000 1
97.990000 2
98.460000 3
98.930000 4
99.390000 1
99.860000 2
100.330000 3
100.800000 4
101.270000 1
101.740000 2
102.210000 3
102.680000 4
103.140000 1
103.610000 2
104.080000 3
104.550000 4
105.020000 1
105.490000 2
105.960000 3
106.430000 4
106.890000 1
107.360000 2
107.830000 3
108.300000 4
108.770000 1
109.240000 2
109.710000 3
110.180000 4
110.640000 1
111.110000 2
111.590000 3
112.050000 4
112.520000 1
112.990000 2
113.460000 3
113.930000 4
114.390000 1
114.870000 2
115.340000 3
115.800000 4
116.270000 1
116.740000 2
117.210000 3
117.680000 4
118.150000 1
118.610000 2
119.090000 3
119.550000 4
120.020000 1
120.490000 2
120.960000 3
121.430000 4
121.900000 1
122.370000 2
122.840000 3
123.300000 4
123.770000 1
124.240000 2
124.710000 3
125.180000 4
125.650000 1
126.120000 2
126.590000 3
127.050000 4
127.520000 1
127.990000 2
128.460000 3
128.930000 4
129.400000 1
129.870000 2
130.340000 3
130.800000 4
131.270000 1
131.740000 2
132.210000 3
132.680000 4
133.150000 1
133.620000 2
134.090000 3
134.550000 4
135.020000 1
135.490000 2
135.960000 3
136.430000 4
136.900000 1
137.360000 2
137.840000 3
138.300000 4
138.770000 1
139.240000 2
139.710000 3
140.180000 4
140.650000 1
141.110000 2
141.590000 3
142.050000 4
142.520000 1
142.990000 2
143.460000 3
143.930000 4
144.390000 1
144.860000 2
145.340000 3
145.800000 4
146.270000 1
146.740000 2
147.210000 3
147.680000 4
148.150000 1
148.620000 2
149.090000 3
149.550000 4
150.020000 1
150.490000 2
150.960000 3
151.430000 4
151.900000 1
152.360000 2
152.840000 3
153.300000 4
153.770000 1
154.240000 2
154.710000 3
155.180000 4
155.650000 1
156.120000 2
156.590000 3
157.050000 4
157.520000 1
157.990000 2
158.460000 3
158.930000 4
159.390000 1
159.860000 2
160.330000 3
160.800000 4
161.270000 1
161.740000 2
162.210000 3
162.680000 4
163.140000 1
163.620000 2
164.090000 3
164.550000 4
165.020000 1
165.490000 2
165.960000 3
166.430000 4
166.890000 1
167.360000 2
167.830000 3
168.300000 4
168.770000 1
169.240000 2
169.700000 3
170.170000 4
170.640000 1
171.110000 2
171.580000 3
172.050000 4
172.520000 1
172.990000 2
173.460000 3
173.920000 4
174.390000 1
174.860000 2
175.330000 3
175.800000 4
176.260000 1
176.740000 2
177.210000 3
177.670000 4
178.140000 1
178.610000 2
179.080000 3
179.550000 4
180.020000 1
180.490000 2
180.960000 3
181.430000 4
181.890000 1
182.360000 2
182.840000 3
183.300000 4
183.770000 1
184.240000 2
184.710000 3
185.180000 4
185.640000 1
186.120000 2
186.590000 3
187.050000 4
187.520000 1
187.990000 2
188.460000 3
188.930000 4
189.390000 1
189.870000 2
190.340000 3
190.800000 4
191.270000 1
191.740000 2
192.210000 3
192.680000 4
193.150000 1
193.620000 2
194.080000 3
194.550000 4
195.020000 1
195.490000 2
195.960000 3
196.420000 4
196.900000 1
197.360000 2
197.830000 3
198.300000 4
198.770000 1
199.240000 2
199.710000 3
200.180000 4
200.650000 1
201.120000 2
201.580000 3
202.050000 4
202.520000 1
202.990000 2
203.460000 3
203.920000 4
204.400000 1
204.860000 2
205.330000 3
205.800000 4
206.270000 1
206.740000 2
207.210000 3
207.670000 4
208.150000 1
208.610000 2
209.090000 3
209.550000 4
210.030000 1
210.490000 2
210.960000 3
211.430000 4
211.900000 1
212.360000 2
212.830000 3
213.300000 4
213.780000 1
214.240000 2
214.710000 3
215.180000 4
215.650000 1
216.110000 2
216.590000 3
217.050000 4
217.520000 1
217.990000 2
218.460000 3
218.930000 4
219.400000 1
219.870000 2
220.340000 3
220.800000 4
221.280000 1
221.740000 2
222.210000 3
222.680000 4
223.150000 1
223.620000 2
224.090000 3
224.560000 4
225.030000 1
225.480000 2
225.940000 3
226.420000 4
226.890000 1
227.360000 2
227.830000 3
228.300000 4
228.770000 1
229.240000 2
229.710000 3
230.180000 4
230.650000 1
231.120000 2
231.590000 3
232.060000 4
232.520000 1
232.990000 2
233.460000 3
233.930000 4
234.400000 1
234.870000 2
235.330000 3
235.800000 4
236.270000 1
236.740000 2
237.210000 3
237.680000 4
238.150000 1
238.620000 2
239.090000 3
239.560000 4
240.030000 1
240.500000 2
240.960000 3
241.430000 4
241.900000 1
242.370000 2
242.840000 3
243.310000 4
243.770000 1
244.250000 2
244.710000 3
245.180000 4
245.650000 1
246.120000 2
246.590000 3
247.050000 4
247.520000 1
247.990000 2
248.460000 3
248.930000 4
249.400000 1
249.870000 2
250.340000 3
250.810000 4
251.280000 1
251.740000 2
252.210000 3
252.680000 4
253.150000 1
253.620000 2
254.090000 3
254.550000 4
255.030000 1
255.490000 2
255.960000 3
256.430000 4
256.900000 1
257.370000 2
257.840000 3
258.300000 4
258.770000 1
259.240000 2
259.710000 3
260.180000 4
260.650000 1
261.120000 2
261.590000 3
262.050000 4
262.520000 1
262.990000 2
263.460000 3
263.930000 4
264.400000 1
264.870000 2
265.340000 3
265.800000 4
266.270000 1
266.740000 2
267.210000 3
267.680000 4
268.140000 1
268.620000 2
269.090000 3
269.550000 4
270.020000 1
270.490000 2
270.960000 3
271.430000 4
271.900000 1
272.370000 2
272.840000 3
273.300000 4
273.770000 1
274.240000 2
274.710000 3
275.180000 4
275.650000 1
276.110000 2
276.580000 3
277.050000 4
277.520000 1
277.990000 2
278.460000 3
278.920000 4
279.390000 1
279.860000 2
280.330000 3
280.800000 4
281.270000 1
281.740000 2
282.210000 3
282.680000 4
283.140000 1
283.610000 2
284.080000 3
284.550000 4
285.020000 1
285.490000 2
285.960000 3
286.430000 4
286.890000 1
287.360000 2
287.830000 3
288.300000 4
288.770000 1
289.240000 2
289.700000 3
290.170000 4
290.640000 1
291.110000 2
291.580000 3
292.050000 4
292.520000 1
292.990000 2
293.450000 3
293.920000 4
294.390000 1
294.860000 2
295.330000 3
295.800000 4
296.270000 1
296.740000 2
297.200000 3
297.670000 4
298.140000 1
298.610000 2
299.080000 3
299.550000 4
300.020000 1
300.490000 2
300.960000 3
301.420000 4
301.890000 1
302.360000 2
302.830000 3
303.300000 4
303.780000 1
