0.070000 1
0.550000 2
1.030000 3
1.510000 4
1.990000 1
2.470000 2
2.950000 3
3.430000 4
3.910000 1
4.390000 2
4.870000 3
5.350000 4
5.830000 1
6.310000 2
6.790000 3
7.270000 4
7.750000 1
8.230000 2
8.710000 3
9.190000 4
9.670000 1
10.150000 2
10.630000 3
11.110000 4
11.590000 1
12.070000 2
12.550000 3
13.030000 4
13.510000 1
13.990000 2
14.470000 3
14.950000 4
15.430000 1
15.910000 2
16.390000 3
16.870000 4
17.350000 1
17.830000 2
18.310000 3
18.790000 4
19.270000 1
19.750000 2
20.230000 3
20.710000 4
21.190000 1
21.670000 2
22.150000 3
22.630000 4
23.110000 1
23.590000 2
24.070000 3
24.550000 4
25.030000 1
25.510000 2
25.990000 3
26.470000 4
26.950000 1
27.430000 2
27.910000 3
28.390000 4
28.870000 1
29.350000 2
29.830000 3
30.310000 4
30.790000 1
31.270000 2
31.750000 3
32.230000 4
32.710000 1
33.190000 2
33.670000 3
34.150000 4
34.630000 1
35.110000 2
35.590000 3
36.070000 4
36.550000 1
37.030000 2
37.510000 3
37.990000 4
38.470000 1
38.950000 2
39.430000 3
39.910000 4
40.390000 1
40.870000 2
41.350000 3
41.830000 4
42.310000 1
42.790000 2
43.270000 3
43.750000 4
44.230000 1
44.710000 2
45.190000 3
45.670000 4
46.150000 1
46.630000 2
47.110000 3
47.590000 4
48.070000 1
48.550000 2
49.030000 3
49.510000 4
49.990000 1
50.470000 2
50.950000 3
51.430000 4
51.910000 1
52.390000 2
52.870000 3
53.350000 4
53.830000 1
54.310000 2
54.790000 3
55.270000 4
55.750000 1
56.230000 2
56.710000 3
57.190000 4
57.670000 1
58.150000 2
58.630000 3
59.110000 4
59.590000 1
60.070000 2
60.550000 3
61.030000 4
61.510000 1
61.990000 2
62.470000 3
62.950000 4
63.430000 1
63.910000 2
64.390000 3
64.870000 4
65.350000 1
65.830000 2
66.310000 3
66.790000 4
67.270000 1
67.750000 2
68.230000 3
68.710000 4
69.190000 1
69.670000 2
70.150000 3
70.630000 4
71.110000 1
71.590000 2
72.070000 3
72.550000 4
73.030000 1
73.510000 2
73.990000 3
74.470000 4
74.950000 1
75.430000 2
75.910000 3
76.390000 4
76.870000 1
77.350000 2
77.830000 3
78.310000 4
78.790000 1
79.270000 2
79.750000 3
80.230000 4
80.710000 1
81.190000 2
81.670000 3
82.150000 4
82.630000 1
83.110000 2
83.590000 3
84.070000 4
84.550000 1
85.030000 2
85.510000 3
85.990000 4
86.470000 1
86.950000 2
87.430000 3
87.910000 4
88.390000 1
88.870000 2
89.350000 3
89.830000 4
90.310000 1
90.790000 2
91.270000 3
91.750000 4
92.220000 1
92.690000 2
93.190000 3
93.660000 4
94.140000 1
94.610000 2
95.090000 3
95.570000 4
96.060000 1
96.540000 2
97.020000 3
97.500000 4
97.980000 1
98.460000 2
98.940000 3
99.420000 4
99.910000 1
100.370000 2
100.850000 3
101.350000 4
101.830000 1
102.310000 2
102.790000 3
103.270000 4
103.740000 1
104.220000 2
104.700000 3
105.180000 4
105.670000 1
106.140000 2
106.630000 3
107.110000 4
107.590000 1
108.190000 2
108.790000 3
109.360000 4
109.940000 1
110.480000 2
111.070000 3
111.550000 4
112.030000 1
112.510000 2
112.990000 3
113.470000 4
113.950000 1
114.430000 2
114.910000 3
115.390000 4
115.870000 1
116.340000 2
116.830000 3
117.310000 4
117.800000 1
118.260000 2
118.750000 3
119.230000 4
119.710000 1
120.190000 2
120.670000 3
121.150000 4
121.630000 1
122.110000 2
122.590000 3
123.060000 4
123.550000 1
124.030000 2
124.510000 3
125.000000 4
125.470000 1
125.960000 2
126.440000 3
126.910000 4
127.390000 1
127.870000 2
128.350000 3
128.820000 4
129.310000 1
129.790000 2
130.270000 3
130.750000 4
131.230000 1
131.710000 2
132.190000 3
132.670000 4
133.150000 1
133.630000 2
134.110000 3
134.590000 4
135.080000 1
135.550000 2
136.030000 3
136.510000 4
136.990000 1
137.470000 2
137.950000 3
138.430000 4
138.910000 1
139.390000 2
139.870000 3
140.350000 4
140.830000 1
141.310000 2
141.790000 3
142.270000 4
142.750000 1
143.230000 2
143.710000 3
144.190000 4
144.670000 1
145.150000 2
145.630000 3
146.110000 4
146.590000 1
147.070000 2
147.550000 3
148.030000 4
148.510000 1
148.990000 2
149.470000 3
149.950000 4
150.430000 1
150.910000 2
151.390000 3
151.870000 4
152.350000 1
152.830000 2
153.310000 3
153.800000 4
154.270000 1
154.730000 2
155.210000 3
155.690000 4
156.140000 1
156.560000 2
157.000000 3
157.410000 4
157.850000 1
158.280000 2
158.700000 3
159.130000 4
159.580000 1
160.010000 2
160.460000 3
160.910000 4
161.340000 1
161.780000 2
162.280000 3
162.760000 4
163.270000 1
163.750000 2
164.230000 3
164.710000 4
165.190000 1
165.670000 2
166.150000 3
166.630000 4
167.110000 1
167.590000 2
168.070000 3
168.550000 4
169.030000 1
169.510000 2
169.990000 3
170.470000 4
170.950000 1
171.430000 2
171.910000 3
172.390000 4
172.870000 1
173.350000 2
173.830000 3
174.310000 4
174.790000 1
175.270000 2
175.750000 3
176.230000 4
176.710000 1
177.190000 2
177.670000 3
178.150000 4
178.630000 1
179.110000 2
179.590000 3
180.070000 4
180.550000 1
181.030000 2
181.510000 3
181.990000 4
182.470000 1
182.950000 2
183.430000 3
183.910000 4
184.390000 1
184.870000 2
185.350000 3
185.830000 4
186.310000 1
186.790000 2
187.270000 3
187.750000 4
188.230000 1
188.710000 2
189.190000 3
189.670000 4
190.150000 1
190.630000 2
191.110000 3
191.590000 4
192.070000 1
192.550000 2
193.030000 3
193.510000 4
193.990000 1
194.470000 2
194.950000 3
195.430000 4
195.910000 1
196.390000 2
196.870000 3
197.350000 4
197.830000 1
198.310000 2
198.790000 3
199.270000 4
199.750000 1
200.230000 2
200.710000 3
201.190000 4
201.670000 1
202.150000 2
202.630000 3
203.110000 4
203.590000 1
204.070000 2
204.550000 3
205.030000 4
205.510000 1
205.990000 2
206.470000 3
206.950000 4
207.430000 1
207.910000 2
208.390000 3
208.870000 4
209.350000 1
209.830000 2
210.310000 3
210.790000 4
211.270000 1
211.750000 2
212.230000 3
212.710000 4
213.190000 1
213.670000 2
214.150000 3
214.630000 4
215.110000 1
215.590000 2
216.070000 3
216.550000 4
217.030000 1
217.510000 2
217.990000 3
218.470000 4
218.950000 1
219.430000 2
219.910000 3
220.390000 4
220.870000 1
221.350000 2
221.830000 3
222.310000 4
222.790000 1
223.270000 2
223.750000 3
224.230000 4
224.720000 1
225.200000 2
225.670000 3
226.160000 4
226.640000 1
227.120000 2
227.590000 3
228.080000 4
228.550000 1
229.030000 2
229.510000 3
229.990000 4
230.470000 1
230.950000 2
231.430000 3
231.910000 4
232.400000 1
232.880000 2
233.360000 3
233.840000 4
234.310000 1
234.800000 2
235.270000 3
235.760000 4
236.230000 1
236.710000 2
237.190000 3
237.670000 4
238.150000 1
238.630000 2
239.110000 3
239.590000 4
240.070000 1
240.550000 2
241.030000 3
241.510000 4
241.990000 1
242.470000 2
242.950000 3
243.430000 4
243.910000 1
244.390000 2
244.870000 3
245.350000 4
245.830000 1
246.310000 2
246.790000 3
247.270000 4
247.750000 1
248.230000 2
248.710000 3
249.190000 4
249.670000 1
250.150000 2
250.630000 3
251.110000 4
251.590000 1
252.070000 2
252.550000 3
253.030000 4
253.510000 1
253.990000 2
254.470000 3
254.950000 4
255.430000 1
255.910000 2
256.390000 3
256.870000 4
257.350000 1
257.830000 2
258.310000 3
258.790000 4
259.270000 1
259.750000 2
260.230000 3
260.710000 4
261.190000 1
261.670000 2
262.150000 3
262.630000 4
263.110000 1
263.590000 2
264.070000 3
264.550000 4
265.030000 1
265.510000 2
265.990000 3
266.470000 4
266.950000 1
267.430000 2
267.910000 3
268.390000 4
268.870000 1
269.350000 2
269.830000 3
270.310000 4
270.790000 1
271.270000 2
271.750000 3
272.230000 4
272.710000 1
273.190000 2
273.670000 3
274.150000 4
274.630000 1
275.110000 2
275.590000 3
276.070000 4
276.550000 1
277.030000 2
277.510000 3
277.990000 4
278.470000 1
278.950000 2
279.430000 3
279.910000 4
280.390000 1
280.870000 2
281.350000 3
281.830000 4
282.310000 1
282.790000 2
283.270000 3
283.750000 4
284.230000 1
284.710000 2
285.190000 3
285.670000 4
286.150000 1
286.630000 2
287.110000 3
287.590000 4
288.070000 1
288.550000 2
289.030000 3
289.510000 4
289.990000 1
290.470000 2
290.950000 3
291.430000 4
291.910000 1
292.390000 2
292.870000 3
293.350000 4
293.830000 1
294.310000 2
294.790000 3
295.270000 4
295.750000 1
296.230000 2
296.710000 3
297.190000 4
297.670000 1
298.150000 2
298.630000 3
299.110000 4
299.590000 1
300.070000 2
300.550000 3
301.030000 4
301.510000 1
301.990000 2
302.470000 3
302.950000 4
303.430000 1
303.910000 2
304.390000 3
304.870000 4
305.350000 1
305.830000 2
306.310000 3
306.790000 4
307.270000 1
307.750000 2
308.230000 3
308.710000 4
309.190000 1
309.670000 2
310.150000 3
310.630000 4
311.110000 1
311.590000 2
312.070000 3
312.550000 4
313.030000 1
313.510000 2
313.990000 3
314.470000 4
314.950000 1
315.430000 2
315.910000 3
316.390000 4
316.860000 1
317.330000 2
317.820000 3
318.300000 4
