0.030000 1
0.450000 2
0.880000 3
1.310000 4
1.740000 1
2.170000 2
2.600000 3
3.020000 4
3.450000 1
3.890000 2
4.310000 3
4.740000 4
5.170000 1
5.600000 2
6.030000 3
6.450000 4
6.880000 1
7.310000 2
7.740000 3
8.170000 4
8.600000 1
9.030000 2
9.450000 3
9.880000 4
10.310000 1
10.740000 2
11.170000 3
11.600000 4
12.030000 1
12.450000 2
12.880000 3
13.300000 4
13.740000 1
14.170000 2
14.600000 3
15.030000 4
15.460000 1
15.890000 2
16.320000 3
16.740000 4
17.170000 1
17.600000 2
18.030000 3
18.460000 4
18.890000 1
19.320000 2
19.740000 3
20.170000 4
20.600000 1
21.030000 2
21.460000 3
21.890000 4
22.320000 1
22.740000 2
23.170000 3
23.600000 4
24.030000 1
24.460000 2
24.890000 3
25.320000 4
25.740000 1
26.170000 2
26.600000 3
27.030000 4
27.460000 1
27.890000 2
28.320000 3
28.750000 4
29.170000 1
29.600000 2
30.030000 3
30.460000 4
30.890000 1
31.320000 2
31.750000 3
32.170000 4
32.600000 1
33.030000 2
33.460000 3
33.890000 4
34.320000 1
34.740000 2
35.170000 3
35.600000 4
36.030000 1
36.460000 2
36.890000 3
37.320000 4
37.740000 1
38.170000 2
38.600000 3
39.030000 4
39.460000 1
39.900000 2
40.330000 3
40.760000 4
41.170000 1
41.600000 2
42.030000 3
42.460000 4
42.890000 1
43.320000 2
43.750000 3
44.170000 4
44.600000 1
45.030000 2
45.460000 3
45.890000 4
46.320000 1
46.750000 2
47.180000 3
47.600000 4
48.030000 1
48.460000 2
48.890000 3
49.320000 4
49.750000 1
50.170000 2
50.600000 3
51.030000 4
51.460000 1
51.890000 2
52.320000 3
52.750000 4
53.180000 1
53.600000 2
54.030000 3
54.460000 4
54.880000 1
55.240000 2
55.600000 3
55.970000 4
56.390000 1
56.820000 2
57.240000 3
57.660000 4
58.080000 1
58.480000 2
58.880000 3
59.280000 4
59.680000 1
60.070000 2
60.450000 3
60.840000 4
61.220000 1
61.600000 2
61.970000 3
62.340000 4
62.710000 1
63.080000 2
63.450000 3
63.800000 4
64.160000 1
64.510000 2
64.870000 3
65.210000 4
65.570000 1
65.910000 2
66.260000 3
66.610000 4
66.950000 1
67.290000 2
67.620000 3
67.970000 4
68.300000 1
68.610000 2
68.950000 3
69.290000 4
69.650000 1
70.010000 2
70.340000 3
70.670000 4
71.000000 1
71.340000 2
71.670000 3
72.000000 4
72.340000 1
72.670000 2
73.000000 3
73.340000 4
73.670000 1
74.000000 2
74.340000 3
74.670000 4
75.010000 1
75.340000 2
75.680000 3
76.020000 4
76.360000 1
76.710000 2
77.060000 3
77.430000 4
77.790000 1
78.170000 2
78.540000 3
78.920000 4
79.320000 1
79.710000 2
80.100000 3
80.460000 4
80.840000 1
81.200000 2
81.580000 3
81.940000 4
82.320000 1
82.740000 2
83.180000 3
83.600000 4
84.030000 1
84.470000 2
84.900000 3
85.320000 4
85.740000 1
86.170000 2
86.600000 3
87.030000 4
87.460000 1
87.890000 2
88.320000 3
88.750000 4
89.170000 1
89.600000 2
90.030000 3
90.460000 4
90.890000 1
91.310000 2
91.750000 3
92.170000 4
92.600000 1
93.030000 2
93.460000 3
93.890000 4
94.320000 1
94.740000 2
95.170000 3
95.600000 4
96.030000 1
96.460000 2
96.890000 3
97.310000 4
97.740000 1
98.170000 2
98.610000 3
99.040000 4
99.450000 1
99.890000 2
100.320000 3
100.740000 4
101.170000 1
101.600000 2
102.030000 3
102.460000 4
102.890000 1
103.320000 2
103.750000 3
104.170000 4
104.600000 1
105.030000 2
105.460000 3
105.890000 4
106.320000 1
106.740000 2
107.180000 3
107.600000 4
108.030000 1
108.460000 2
108.890000 3
109.320000 4
109.750000 1
110.170000 2
110.600000 3
111.030000 4
111.460000 1
111.880000 2
112.320000 3
112.740000 4
113.170000 1
113.600000 2
114.030000 3
114.460000 4
114.890000 1
115.320000 2
115.750000 3
116.170000 4
116.600000 1
117.030000 2
117.460000 3
117.890000 4
118.310000 1
118.740000 2
119.180000 3
119.600000 4
120.030000 1
120.460000 2
120.890000 3
121.320000 4
121.750000 1
122.170000 2
122.600000 3
123.030000 4
123.460000 1
123.890000 2
124.320000 3
124.740000 4
125.170000 1
125.600000 2
126.030000 3
126.460000 4
126.890000 1
127.320000 2
127.750000 3
128.170000 4
128.600000 1
129.030000 2
129.460000 3
129.890000 4
130.310000 1
130.740000 2
131.170000 3
131.600000 4
132.030000 1
132.460000 2
132.890000 3
133.320000 4
133.740000 1
134.170000 2
134.600000 3
135.030000 4
135.450000 1
135.880000 2
136.310000 3
136.740000 4
137.170000 1
137.600000 2
138.030000 3
138.450000 4
138.880000 1
139.310000 2
139.740000 3
140.170000 4
140.590000 1
141.020000 2
141.460000 3
141.880000 4
