0.880000 1
1.860000 2
2.810000 3
3.750000 4
4.660000 1
5.640000 2
6.580000 3
7.530000 4
8.460000 1
9.360000 2
10.330000 3
11.310000 4
12.270000 1
13.190000 2
14.160000 3
15.110000 4
16.000000 1
16.980000 2
17.930000 3
18.880000 4
19.800000 1
20.750000 2
21.700000 3
22.640000 4
23.560000 1
24.480000 2
25.450000 3
26.430000 4
27.400000 1
28.310000 2
29.280000 3
30.230000 4
31.110000 1
31.810000 2
32.520000 3
33.270000 4
33.950000 1
34.410000 2
34.890000 3
35.370000 4
35.840000 1
36.310000 2
36.790000 3
37.260000 4
37.730000 1
38.200000 2
38.670000 3
39.150000 4
39.620000 1
40.090000 2
40.570000 3
41.040000 4
41.510000 1
41.980000 2
42.460000 3
42.930000 4
43.400000 1
43.870000 2
44.350000 3
44.820000 4
45.290000 1
45.760000 2
46.230000 3
46.710000 4
47.180000 1
47.650000 2
48.130000 3
48.600000 4
49.070000 1
49.550000 2
50.010000 3
50.490000 4
50.960000 1
51.430000 2
51.910000 3
52.380000 4
52.850000 1
53.320000 2
53.790000 3
54.270000 4
54.740000 1
55.210000 2
55.690000 3
56.160000 4
56.630000 1
57.100000 2
57.570000 3
58.050000 4
58.520000 1
58.990000 2
59.460000 3
59.940000 4
60.410000 1
60.880000 2
61.350000 3
61.830000 4
62.300000 1
62.770000 2
63.240000 3
63.720000 4
64.190000 1
64.660000 2
65.130000 3
65.610000 4
66.080000 1
66.550000 2
67.020000 3
67.500000 4
67.960000 1
68.440000 2
68.910000 3
69.390000 4
69.860000 1
70.330000 2
70.800000 3
71.270000 4
71.750000 1
72.220000 2
72.690000 3
73.170000 4
73.630000 1
74.110000 2
74.580000 3
75.050000 4
75.530000 1
76.000000 2
76.470000 3
76.950000 4
77.420000 1
77.890000 2
78.360000 3
78.830000 4
79.300000 1
79.780000 2
80.250000 3
80.720000 4
81.200000 1
81.670000 2
82.140000 3
82.620000 4
83.080000 1
83.560000 2
84.030000 3
84.510000 4
84.970000 1
85.450000 2
85.920000 3
86.390000 4
86.870000 1
87.340000 2
87.810000 3
88.280000 4
88.750000 1
89.230000 2
89.700000 3
90.170000 4
90.640000 1
91.110000 2
91.590000 3
92.060000 4
92.540000 1
93.000000 2
93.490000 3
93.960000 4
94.430000 1
94.910000 2
95.410000 3
95.870000 4
96.370000 1
96.830000 2
97.310000 3
97.930000 4
98.550000 1
99.140000 2
99.740000 3
100.350000 4
100.990000 1
101.600000 2
102.190000 3
102.810000 4
103.570000 1
104.300000 2
105.160000 3
105.960000 4
106.840000 1
107.700000 2
108.650000 3
109.570000 4
110.550000 1
111.540000 2
112.430000 3
113.400000 4
114.310000 1
115.300000 2
116.220000 3
117.130000 4
118.100000 1
119.060000 2
119.990000 3
120.910000 4
121.900000 1
122.880000 2
123.750000 3
124.700000 4
125.610000 1
126.590000 2
127.540000 3
128.480000 4
129.400000 1
130.360000 2
131.300000 3
132.230000 4
133.170000 1
134.090000 2
134.810000 3
135.440000 4
136.080000 1
136.720000 2
137.330000 3
137.950000 4
138.580000 1
139.240000 2
139.730000 3
140.230000 4
140.730000 1
141.200000 2
141.680000 3
142.140000 4
142.620000 1
143.090000 2
143.570000 3
144.040000 4
144.500000 1
144.980000 2
145.460000 3
145.930000 4
146.400000 1
146.870000 2
147.340000 3
147.810000 4
148.290000 1
148.760000 2
149.230000 3
149.710000 4
150.180000 1
150.650000 2
151.120000 3
151.590000 4
152.070000 1
152.540000 2
153.010000 3
153.480000 4
153.970000 1
154.450000 2
154.910000 3
155.410000 4
155.870000 1
156.360000 2
156.820000 3
157.310000 4
157.770000 1
158.220000 2
158.680000 3
159.150000 4
159.620000 1
160.100000 2
160.570000 3
161.040000 4
161.510000 1
161.980000 2
162.460000 3
162.930000 4
163.400000 1
163.870000 2
164.350000 3
164.820000 4
165.290000 1
165.760000 2
166.240000 3
166.710000 4
167.180000 1
167.650000 2
168.120000 3
168.600000 4
169.070000 1
169.540000 2
170.010000 3
170.490000 4
170.960000 1
171.430000 2
171.900000 3
172.380000 4
172.850000 1
173.320000 2
173.800000 3
174.270000 4
174.740000 1
175.210000 2
175.680000 3
176.160000 4
176.630000 1
177.100000 2
177.570000 3
178.050000 4
178.520000 1
178.990000 2
179.460000 3
179.940000 4
180.410000 1
180.880000 2
181.350000 3
181.830000 4
182.300000 1
182.770000 2
183.240000 3
183.720000 4
184.190000 1
184.660000 2
185.130000 3
185.600000 4
186.080000 1
186.550000 2
187.020000 3
187.500000 4
187.970000 1
188.440000 2
188.910000 3
189.380000 4
189.860000 1
190.330000 2
190.800000 3
191.280000 4
191.750000 1
192.220000 2
192.690000 3
193.170000 4
193.630000 1
194.110000 2
194.580000 3
195.060000 4
195.530000 1
196.000000 2
196.470000 3
196.950000 4
197.420000 1
197.890000 2
198.360000 3
198.830000 4
199.310000 1
199.780000 2
200.250000 3
200.720000 4
201.200000 1
201.670000 2
202.140000 3
202.610000 4
203.080000 1
203.560000 2
204.030000 3
204.510000 4
204.980000 1
205.450000 2
205.920000 3
206.390000 4
206.870000 1
207.340000 2
207.810000 3
208.280000 4
208.750000 1
209.230000 2
209.700000 3
210.170000 4
210.650000 1
211.120000 2
211.590000 3
212.060000 4
212.530000 1
213.010000 2
213.480000 3
213.950000 4
214.430000 1
214.900000 2
215.370000 3
215.840000 4
216.310000 1
216.790000 2
217.260000 3
217.730000 4
218.200000 1
218.670000 2
219.150000 3
219.630000 4
220.090000 1
220.570000 2
221.040000 3
221.510000 4
221.980000 1
222.450000 2
222.930000 3
223.400000 4
223.870000 1
224.340000 2
224.820000 3
225.290000 4
225.760000 1
226.230000 2
226.710000 3
227.180000 4
227.650000 1
228.130000 2
228.600000 3
229.070000 4
229.540000 1
230.010000 2
230.490000 3
230.960000 4
231.430000 1
231.900000 2
232.380000 3
232.850000 4
233.320000 1
233.790000 2
234.260000 3
234.740000 4
